1649155318.89 -0.454225122929 0.697233319283 0.436437129974 -0.17744917 -0.52422565
1649155336.95 -0.404368102551 0.628137648106 0.465145379305 -0.17744917 -0.52422565
1649155338.97 -0.391798257828 0.718512356281 0.425079494715 -0.17744917 -0.52422565
1649155356.0 -0.339697688818 0.647942364216 0.375399887562 -0.17744917 -0.52422565
1649155361.3 -0.406915336847 0.682032048702 0.436346739531 -0.17744917 -0.52422565
1649155371.43 -0.365071088076 0.649049520493 0.457408249378 -0.17744917 -0.52422565
1649155383.57 -0.422760903835 0.714916467667 0.405332446098 -0.17744917 -0.52422565
1649155449.35 -0.420092821121 0.720068454742 0.466415524483 -0.17744917 -0.52422565
1649155457.72 -0.408675789833 0.692066073418 0.467773556709 -0.17744917 -0.52422565
1649155478.75 -0.426587879658 0.665488600731 0.462389171124 -0.17744917 -0.52422565
1649155490.53 -0.323746204376 0.726332902908 1.01983368397 -0.08376912 0.124944545
1649155553.11 -0.314928650856 0.708398461342 1.04533708096 -0.08376912 0.124944545
1649155565.3 -0.391909986734 0.65384978056 1.03465473652 -0.08376912 0.124944545
1649155577.99 -0.191266834736 0.662700414658 1.08685791492 -0.08376912 0.124944545
1649155585.96 -0.333993345499 0.662858128548 1.04381465912 -0.08376912 0.124944545
1649155606.94 -0.391804277897 0.625036537647 1.07535552979 -0.08376912 0.124944545
1649155628.96 -0.298695862293 0.69518661499 1.06710827351 -0.08376912 0.124944545
1649155672.47 -0.405566900969 0.631290912628 0.966032683849 -0.08376912 0.124944545
1649155679.69 -0.312490880489 0.663707852364 1.04289746284 -0.08376912 0.124944545
1649155695.07 -0.372698456049 0.644343852997 1.03802418709 -0.08376912 0.124944545
1649155712.49 -0.176176190376 0.701364219189 0.290220797062 0.049938913 -0.61463326
1649155714.72 -0.102148756385 0.621042847633 0.28648430109 0.049938913 -0.61463326
1649155732.35 -0.245660871267 0.729730069637 0.319418549538 0.049938913 -0.61463326
1649155734.37 -0.26377505064 0.708045065403 0.436460345984 0.049938913 -0.61463326
1649155750.18 -0.250242888927 0.708665966988 0.281949579716 0.049938913 -0.61463326
1649155752.19 -0.246471107006 0.698839485645 0.248199760914 0.049938913 -0.61463326
1649155768.69 -0.238095670938 0.696200013161 0.338420569897 0.049938913 -0.61463326
1649155770.7 -0.341678768396 0.692242503166 0.303519964218 0.049938913 -0.61463326
1649155773.24 -0.236952662468 0.698206245899 0.262077212334 0.049938913 -0.61463326
1649155791.93 -0.255778342485 0.689648509026 0.282376050949 0.049938913 -0.61463326
1649155800.21 -0.333156734705 0.670098125935 0.858114480972 -0.09102101 -0.07326953
1649155819.55 -0.247996419668 0.63382101059 0.97375279665 -0.09102101 -0.07326953
1649155827.95 -0.35626411438 0.685556292534 0.806016147137 -0.09102101 -0.07326953
1649155846.63 -0.315346807241 0.625246167183 0.783741235733 -0.09102101 -0.07326953
1649155869.85 -0.365612745285 0.717453360558 0.82230502367 -0.09102101 -0.07326953
1649155902.14 -0.415182769299 0.68585306406 0.973780810833 -0.09102101 -0.07326953
1649155904.38 -0.331637322903 0.712041318417 0.877605557442 -0.09102101 -0.07326953
1649155915.26 -0.392919063568 0.664323270321 0.948258042336 -0.09102101 -0.07326953
1649155947.47 -0.349155426025 0.69688731432 0.818889498711 -0.09102101 -0.07326953
1649155949.48 -0.395378470421 0.650009274483 0.872685611248 -0.09102101 -0.07326953
1649155968.51 -0.181437671185 0.707352697849 0.430007696152 0.06389177 -0.5202899
1649156007.69 -0.170892864466 0.68024033308 0.424559414387 0.06389177 -0.5202899
1649156011.31 -0.250218361616 0.731348991394 0.390907615423 0.06389177 -0.5202899
1649156023.63 -0.214054152369 0.650319099426 0.327998131514 0.06389177 -0.5202899
1649156027.3 -0.170931488276 0.688206374645 0.428876757622 0.06389177 -0.5202899
1649156041.95 -0.137687280774 0.62500846386 0.421076357365 0.06389177 -0.5202899
1649156043.96 -0.199839770794 0.690395236015 0.463219463825 0.06389177 -0.5202899
1649156109.89 -0.158246949315 0.684034228325 0.416035175323 0.06389177 -0.5202899
1649156130.4 -0.212509796023 0.688687801361 0.374330788851 0.06389177 -0.5202899
1649156132.41 -0.151828125119 0.706387221813 0.467075556517 0.06389177 -0.5202899
1649156157.75 -0.0567527450621 0.662415206432 1.55749559402 0.19769189 0.5682844
1649156178.1 -0.11776830256 0.687389731407 1.60051822662 0.19769189 0.5682844
1649156182.92 -0.0221428051591 0.711152613163 1.48553240299 0.19769189 0.5682844
1649156203.85 -0.0305702388287 0.655372202396 1.54950153828 0.19769189 0.5682844
1649156205.97 -0.0593273118138 0.724391818047 1.46981680393 0.19769189 0.5682844
1649156222.17 -0.0038246139884 0.658959805965 1.53494560719 0.19769189 0.5682844
1649156224.17 -0.0252029597759 0.72473436594 1.50468719006 0.19769189 0.5682844
1649156242.23 -0.029923228547 0.650650560856 1.53056323528 0.19769189 0.5682844
1649156259.87 -0.046558637172 0.675139546394 1.48304700851 0.19769189 0.5682844
1649156281.74 -0.00798289477825 0.687953233719 1.42782723904 0.19769189 0.5682844
1649156296.09 -0.368431568146 0.686515510082 0.204910889268 -0.0622328 -0.7323559
1649156354.06 -0.223727405071 0.684318363667 0.304624587297 -0.0622328 -0.7323559
1649156371.97 -0.299174755812 0.674698233604 0.24419516325 -0.0622328 -0.7323559
1649156373.98 -0.307281732559 0.695711493492 0.261174917221 -0.0622328 -0.7323559
1649156392.06 -0.323991060257 0.710699141026 0.228973120451 -0.0622328 -0.7323559
1649156405.56 -0.291868150234 0.694776773453 0.235482439399 -0.0622328 -0.7323559
1649156415.38 -0.339699804783 0.708950042725 0.206456229091 -0.0622328 -0.7323559
1649156417.39 -0.245820343494 0.729580163956 0.237726897001 -0.0622328 -0.7323559
1649156434.94 -0.308931827545 0.705769300461 0.212897598743 -0.0622328 -0.7323559
1649156436.96 -0.364008426666 0.712088942528 0.229050949216 -0.0622328 -0.7323559
1649156449.86 0.0380620770156 0.691624820232 0.244446218014 0.33845618 -0.7075792
1649156471.18 -0.0495720207691 0.669672489166 0.285233199596 0.33845618 -0.7075792
1649156512.48 0.0212869457901 0.694486856461 0.237076491117 0.33845618 -0.7075792
1649156514.49 -0.0576211921871 0.721788465977 0.26040327549 0.33845618 -0.7075792
1649156534.04 0.0301555618644 0.694115519524 0.218418449163 0.33845618 -0.7075792
1649156545.42 0.00165801751427 0.669736802578 0.278927385807 0.33845618 -0.7075792
1649156549.36 0.0524005740881 0.698764920235 0.233938112855 0.33845618 -0.7075792
1649156561.57 -0.0139883905649 0.675040185452 0.293325006962 0.33845618 -0.7075792
1649156568.33 0.120456233621 0.629848480225 0.20925283432 0.33845618 -0.7075792
1649156590.89 -0.042966350913 0.693907916546 0.25536096096 0.33845618 -0.7075792
1649156607.25 -0.466516166925 0.700811326504 1.56728518009 -0.1928211 0.646512
1649156624.64 -0.408399939537 0.666341245174 1.5574246645 -0.1928211 0.646512
1649156645.25 -0.39509499073 0.657443463802 1.63982057571 -0.1928211 0.646512
1649156647.26 -0.35546246171 0.714981794357 1.61461424828 -0.1928211 0.646512
1649156666.58 -0.477309167385 0.675529122353 1.57478582859 -0.1928211 0.646512
1649156668.59 -0.459873974323 0.704591155052 1.51878595352 -0.1928211 0.646512
1649156682.37 -0.506358504295 0.621590614319 1.57664835453 -0.1928211 0.646512
1649156684.91 -0.529518961906 0.659502029419 1.54888153076 -0.1928211 0.646512
1649156698.42 -0.461678981781 0.690714359283 1.60771691799 -0.1928211 0.646512
1649156746.06 -0.407493978739 0.702722012997 1.5387185812 -0.1928211 0.646512
1649156751.16 -0.441281557083 0.65488165617 1.12637925148 -0.14396545 0.15256114
1649156819.57 -0.426887542009 0.714517533779 1.08732235432 -0.14396545 0.15256114
1649156830.23 -0.406317710876 0.697414517403 1.03723800182 -0.14396545 0.15256114
1649156895.18 -0.324938565493 0.635995805264 1.08949124813 -0.14396545 0.15256114
1649156911.03 -0.356704950333 0.688957929611 1.07135987282 -0.14396545 0.15256114
1649156913.05 -0.379280477762 0.69065529108 1.14236843586 -0.14396545 0.15256114
1649156927.16 -0.364552825689 0.670327067375 1.06945621967 -0.14396545 0.15256114
1649156929.18 -0.406347870827 0.705071389675 1.08259260654 -0.14396545 0.15256114
1649156961.01 -0.390605330467 0.695049762726 1.14831852913 -0.14396545 0.15256114
1649156976.33 -0.457581818104 0.640261054039 1.10248684883 -0.14396545 0.15256114
1649156997.61 -0.40881973505 0.658837258816 1.70060014725 -0.12390299 0.72832006
1649156999.62 -0.431110322475 0.714319646358 1.65197706223 -0.12390299 0.72832006
1649157026.39 -0.370120197535 0.676772356033 1.69169592857 -0.12390299 0.72832006
1649157028.4 -0.386662513018 0.739381551743 1.64666831493 -0.12390299 0.72832006
1649157049.98 -0.359483033419 0.722463011742 1.66124892235 -0.12390299 0.72832006
1649157051.99 -0.296622812748 0.72587710619 1.62154877186 -0.12390299 0.72832006
1649157057.71 -0.323350936174 0.688152313232 1.64150238037 -0.12390299 0.72832006
1649157060.1 -0.436859428883 0.659727215767 1.69173789024 -0.12390299 0.72832006
1649157089.45 -0.39732170105 0.693582057953 1.69513463974 -0.12390299 0.72832006
1649157112.45 -0.352113306522 0.644072055817 1.64930188656 -0.12390299 0.72832006
1649157124.99 -0.417689442635 0.710341751575 0.51048630476 -0.13109647 -0.41492587
1649157142.8 -0.371646225452 0.64846688509 0.415983945131 -0.13109647 -0.41492587
