1649155318.05 -0.38852289319 0.571073591709 0.34744182229 -0.17744917 -0.52422565 0.389999866486
1649155319.55 -0.581215262413 0.547858834267 0.420009374619 -0.17744917 -0.52422565 1.27300000191
1649155323.83 -0.320826232433 0.455590188503 0.517596244812 -0.17744917 -0.52422565 0.598000049591
1649155323.86 -0.324731618166 0.445997059345 0.521413743496 -0.17744917 -0.52422565 0.0090000629425
1649155335.82 -0.290235638618 0.554461419582 0.463054060936 -0.17744917 -0.52422565 0.0090000629425
1649155339.5 -0.288469702005 0.68452423811 0.357905417681 -0.17744917 -0.52422565 3.67600011826
1649155343.02 -0.469111353159 0.450368821621 0.264245718718 -0.17744917 -0.52422565 0.167999982834
1649155343.04 -0.465513586998 0.449328780174 0.253853410482 -0.17744917 -0.52422565 0.0159997940063
1649155346.04 -0.472726941109 0.456142425537 0.260752648115 -0.17744917 -0.52422565 0.631999969482
1649155353.95 -0.389778882265 0.524235188961 0.554477632046 -0.17744917 -0.52422565 0.450000047684
1649155355.09 -0.462700217962 0.638919174671 0.558558762074 -0.17744917 -0.52422565 0.492000102997
1649155356.01 -0.335411280394 0.65113568306 0.373761892319 -0.17744917 -0.52422565 0.517000198364
1649155362.97 -0.281443983316 0.686329722404 0.399279594421 -0.17744917 -0.52422565 2.35100007057
1649155371.44 -0.366667956114 0.647675335407 0.457550942898 -0.17744917 -0.52422565 0.516000032425
1649155385.36 -0.29311171174 0.631885409355 0.477942556143 -0.17744917 -0.52422565 3.132999897
1649155413.2 -0.483081042767 0.461133867502 0.551109910011 -0.17744917 -0.52422565 0.442000150681
1649155435.13 -0.580505132675 0.451998651028 0.434781074524 -0.17744917 -0.52422565 0.360000133514
1649155435.53 -0.565772712231 0.459512293339 0.333432286978 -0.17744917 -0.52422565 0.0830001831055
1649155449.58 -0.477826803923 0.673093557358 0.469240158796 -0.17744917 -0.52422565 1.22799992561
1649155458.02 -0.412442743778 0.682240664959 0.560133755207 -0.17744917 -0.52422565 1.29200005531
1649155478.76 -0.428192615509 0.666969954967 0.457952737808 -0.08376912 0.124944545 0.518000125885
1649155486.41 -0.383941650391 0.443288773298 1.11739957333 -0.08376912 0.124944545 0.0090000629425
1649155486.44 -0.377089142799 0.443871408701 1.1203956604 -0.08376912 0.124944545 0.0179998874664
1649155486.47 -0.375808775425 0.448690980673 1.12510561943 -0.08376912 0.124944545 0.00800013542175
1649155491.29 -0.36098626256 0.445509850979 1.20885264874 -0.08376912 0.124944545 1.26699995995
1649155493.58 -0.2329069525 0.441778302193 1.17069101334 -0.08376912 0.124944545 0.00800013542175
1649155494.13 -0.459653884172 0.448431462049 0.974620103836 -0.08376912 0.124944545 0.542000055313
1649155508.78 -0.431970387697 0.529119074345 1.17194616795 -0.08376912 0.124944545 0.532999992371
1649155515.75 -0.466736853123 0.442728102207 0.981013596058 -0.08376912 0.124944545 0.0090000629425
1649155517.42 -0.217189118266 0.512280762196 1.15267348289 -0.08376912 0.124944545 0.375999927521
1649155549.51 -0.188647344708 0.442393064499 1.11162877083 -0.08376912 0.124944545 0.866999864578
1649155552.27 -0.283535480499 0.526468038559 1.0009688139 -0.08376912 0.124944545 0.118000030518
1649155552.29 -0.288322269917 0.525165975094 0.995406270027 -0.08376912 0.124944545 0.00800013542175
1649155553.55 -0.25706538558 0.690949976444 1.04679083824 -0.08376912 0.124944545 1.05599999428
1649155555.72 -0.387040495872 0.442610621452 1.0028668642 -0.08376912 0.124944545 0.243999958038
1649155566.94 -0.277784883976 0.61832845211 0.91680508852 -0.08376912 0.124944545 2.78400015831
1649155576.89 -0.317310631275 0.561175465584 0.906717777252 -0.08376912 0.124944545 0.65900015831
1649155577.99 -0.191114455462 0.663041949272 1.08977472782 -0.08376912 0.124944545 0.516999959946
1649155585.17 -0.343547999859 0.552990496159 1.13370847702 -0.08376912 0.124944545 0.138999938965
1649155586.66 -0.468194276094 0.688697755337 1.12677252293 -0.08376912 0.124944545 1.25899982452
1649155586.69 -0.469023108482 0.691199839115 1.12571847439 -0.08376912 0.124944545 0.0169999599457
1649155602.66 -0.226798668504 0.542859196663 0.950766861439 -0.08376912 0.124944545 0.816999912262
1649155605.78 -0.441390156746 0.580165624619 0.952796578407 -0.08376912 0.124944545 0.907999992371
1649155608.58 -0.296995639801 0.696955680847 0.991690576077 -0.08376912 0.124944545 2.14599990845
1649155608.59 -0.294393450022 0.69507086277 0.993062078953 -0.08376912 0.124944545 0.0090000629425
1649155608.64 -0.29136890173 0.691075623035 0.995268046856 -0.08376912 0.124944545 0.0169999599457
1649155608.66 -0.294071376324 0.691846609116 0.993024468422 -0.08376912 0.124944545 0.0090000629425
1649155608.75 -0.312690675259 0.69986218214 0.985679984093 -0.08376912 0.124944545 0.00800013542175
1649155609.57 -0.398798704147 0.714990019798 1.01961433887 -0.08376912 0.124944545 0.490000009537
1649155609.65 -0.394191592932 0.727479934692 1.01181006432 -0.08376912 0.124944545 0.0679998397827
1649155610.59 -0.260740995407 0.440752893686 1.08439123631 -0.08376912 0.124944545 0.802000045776
1649155628.19 -0.290001302958 0.565668344498 1.11910629272 -0.08376912 0.124944545 0.445999860764
1649155629.63 -0.432699590921 0.635649800301 0.943180680275 -0.08376912 0.124944545 1.21299982071
1649155657.85 -0.483453303576 0.605422198772 1.04850554466 -0.08376912 0.124944545 0.741999864578
1649155657.88 -0.493207514286 0.600259780884 1.04158186913 -0.08376912 0.124944545 0.00800013542175
1649155669.24 -0.453397870064 0.53844422102 1.14849233627 -0.08376912 0.124944545 0.674999952316
1649155670.56 -0.348449766636 0.515421748161 0.906716644764 -0.08376912 0.124944545 0.658999919891
1649155672.47 -0.403583168983 0.622205138206 0.974304735661 -0.08376912 0.124944545 0.599999904633
1649155678.99 -0.279104590416 0.572449743748 1.11047720909 -0.08376912 0.124944545 0.383999824524
1649155680.25 -0.307434022427 0.507632136345 0.916014969349 -0.08376912 0.124944545 1.11800003052
1649155680.28 -0.306301265955 0.50189191103 0.901061177254 -0.08376912 0.124944545 0.0170001983643
1649155688.84 -0.34164378047 0.538365125656 0.900963366032 -0.08376912 0.124944545 0.709000110626
1649155695.08 -0.371653854847 0.640396893024 1.03829526901 0.049938913 -0.61463326 0.516999959946
1649155711.67 -0.128947913647 0.565694689751 0.328245222569 0.049938913 -0.61463326 0.378000020981
1649155713.4 -0.257697045803 0.634768486023 0.174443364143 0.049938913 -0.61463326 1.42299985886
1649155713.68 -0.312014639378 0.707338571548 0.204461887479 0.049938913 -0.61463326 0.0090000629425
1649155714.73 -0.100287243724 0.622266054153 0.284851491451 0.049938913 -0.61463326 0.707000017166
1649155731.64 -0.275580406189 0.612436056137 0.286083579063 0.049938913 -0.61463326 0.568000078201
1649155733.15 -0.288939625025 0.694183349609 0.443059235811 0.049938913 -0.61463326 1.30599999428
1649155734.37 -0.263225644827 0.705841779709 0.436216056347 0.049938913 -0.61463326 0.558000087738
1649155749.36 -0.242812544107 0.561878979206 0.252373993397 0.049938913 -0.61463326 0.344000101089
1649155749.64 -0.241198122501 0.6301856637 0.24782910943 0.049938913 -0.61463326 0.0220000743866
1649155752.2 -0.248785048723 0.696220636368 0.249629318714 0.049938913 -0.61463326 2.52899980545
1649155752.74 -0.125208243728 0.648438990116 0.318741470575 0.049938913 -0.61463326 0.308000087738
1649155770.71 -0.340926110744 0.69183409214 0.30346262455 0.049938913 -0.61463326 2.89900016785
1649155774.83 -0.0462810769677 0.437322437763 0.358250796795 0.049938913 -0.61463326 2.09500002861
1649155791.94 -0.255802512169 0.686861217022 0.282736420631 -0.09102101 -0.07326953 1.18400001526
1649155799.66 -0.294156491756 0.62952464819 0.918234944344 -0.09102101 -0.07326953 0.0339999198914
1649155800.83 -0.220908850431 0.483538389206 0.768001496792 -0.09102101 -0.07326953 1.12199997902
1649155811.23 -0.28062877059 0.510973095894 0.998254776001 -0.09102101 -0.07326953 0.566999912262
1649155813.7 -0.229007482529 0.543466210365 0.760821700096 -0.09102101 -0.07326953 0.441999912262
1649155817.7 -0.355249226093 0.481650680304 1.00931215286 -0.09102101 -0.07326953 0.817000150681
1649155819.55 -0.245564967394 0.630765974522 0.972767531872 -0.09102101 -0.07326953 0.516999959946
1649155821.78 -0.389769822359 0.437450528145 0.921203255653 -0.09102101 -0.07326953 0.394999980927
1649155826.88 -0.413759440184 0.531622707844 0.835719048977 -0.09102101 -0.07326953 0.0140001773834
1649155828.86 -0.286368995905 0.444670677185 0.717394053936 -0.09102101 -0.07326953 1.97000002861
1649155838.34 -0.489110767841 0.445366680622 0.811506032944 -0.09102101 -0.07326953 0.0420000553131
1649155838.46 -0.475614458323 0.445397794247 0.786178767681 -0.09102101 -0.07326953 0.117000102997
1649155842.35 -0.218935921788 0.464078754187 0.953976094723 -0.09102101 -0.07326953 0.200999975204
1649155842.37 -0.226472020149 0.474391639233 0.964244782925 -0.09102101 -0.07326953 0.0169999599457
1649155846.64 -0.293581575155 0.620894789696 0.777505040169 -0.09102101 -0.07326953 1.20000004768
1649155846.87 -0.268772691488 0.690768003464 0.807700455189 -0.09102101 -0.07326953 0.0420000553131
1649155846.89 -0.275352060795 0.691262841225 0.810101747513 -0.09102101 -0.07326953 0.0170001983643
1649155846.91 -0.27386572957 0.689837098122 0.810415327549 -0.09102101 -0.07326953 0.0169999599457
1649155847.79 -0.40689393878 0.683667361736 0.82108348608 -0.09102101 -0.07326953 0.866999864578
1649155848.19 -0.40765401721 0.697559654713 0.81896084547 -0.09102101 -0.07326953 0.213999986649
1649155848.58 -0.415078222752 0.439615160227 0.842635691166 -0.09102101 -0.07326953 0.0090000629425
1649155848.6 -0.417476862669 0.440415114164 0.844253063202 -0.09102101 -0.07326953 0.0090000629425
1649155850.04 -0.416831493378 0.443395674229 0.85349625349 -0.09102101 -0.07326953 1.0720000267
1649155851.46 -0.417230129242 0.442573875189 0.866643369198 -0.09102101 -0.07326953 0.930999994278
1649155851.48 -0.41869816184 0.444577753544 0.856715142727 -0.09102101 -0.07326953 0.00800013542175
1649155868.65 -0.417745172977 0.490145564079 0.833047270775 -0.09102101 -0.07326953 0.0209999084473
1649155868.78 -0.38315692544 0.519315302372 0.793994724751 -0.09102101 -0.07326953 0.121000051498
1649155868.8 -0.376093655825 0.515388429165 0.790471613407 -0.09102101 -0.07326953 0.00799989700317
1649155871.83 -0.447978675365 0.521218061447 0.751917779446 -0.09102101 -0.07326953 2.48000001907
1649155900.43 -0.391340911388 0.54864102602 1.00554466248 -0.09102101 -0.07326953 0.651000022888
1649155902.15 -0.415898501873 0.683459043503 0.972994923592 -0.09102101 -0.07326953 0.516999959946
1649155904.87 -0.448251068592 0.445641696453 0.971270680428 -0.09102101 -0.07326953 0.990999937057
1649155912.3 -0.208299860358 0.583140015602 0.928434312344 -0.09102101 -0.07326953 0.691999912262
1649155912.73 -0.225501820445 0.639711737633 0.955533385277 -0.09102101 -0.07326953 0.193000078201
1649155915.27 -0.392264246941 0.666688978672 0.948386967182 -0.09102101 -0.07326953 0.516999959946
1649155918.07 -0.405173927546 0.442312002182 0.81495821476 -0.09102101 -0.07326953 0.643000125885
1649155918.09 -0.396306991577 0.443411588669 0.807219088078 -0.09102101 -0.07326953 0.00800013542175
1649155940.78 -0.418829798698 0.437894195318 0.855019032955 -0.09102101 -0.07326953 0.00799989700317
1649155941.4 -0.354602515697 0.436535865068 0.940653681755 -0.09102101 -0.07326953 0.612000226974
1649155941.45 -0.338235706091 0.438354372978 0.935207545757 -0.09102101 -0.07326953 0.0289998054504
1649155941.72 -0.288614600897 0.442625015974 0.953153729439 -0.09102101 -0.07326953 0.145999908447
1649155941.89 -0.315408527851 0.438274115324 0.957388520241 -0.09102101 -0.07326953 0.00799989700317
1649155942.58 -0.412256300449 0.440563827753 0.830288767815 -0.09102101 -0.07326953 0.537999868393
1649155944.22 -0.423073798418 0.720417976379 0.869507491589 -0.09102101 -0.07326953 0.980000019073
1649155944.88 -0.273973047733 0.449931979179 0.894753396511 -0.09102101 -0.07326953 0.405999898911
1649155946.79 -0.392074644566 0.55526560545 0.803781092167 -0.09102101 -0.07326953 0.202000141144
1649155948.4 -0.481905519962 0.700682163239 0.802721083164 -0.09102101 -0.07326953 1.56999993324
1649155948.5 -0.480005204678 0.707429289818 0.80084580183 -0.09102101 -0.07326953 0.00799989700317
1649155949.49 -0.395109117031 0.649256050587 0.873376727104 0.06389177 -0.5202899 0.975999832153
1649155969.06 -0.335154026747 0.455356895924 0.451021581888 0.06389177 -0.5202899 1.69099998474
1649156007.9 -0.233229890466 0.610643327236 0.350095242262 0.06389177 -0.5202899 1.62599992752
1649156011.91 -0.339102417231 0.708482384682 0.374475449324 0.06389177 -0.5202899 1.11100006104
1649156014.45 -0.292234331369 0.705887198448 0.539821147919 0.06389177 -0.5202899 0.00799989700317
1649156022.91 -0.150246277452 0.568030536175 0.264057844877 0.06389177 -0.5202899 0.799999952316
1649156023.64 -0.218948870897 0.644521832466 0.330161362886 0.06389177 -0.5202899 0.551000118256
1649156027.75 -0.155539438128 0.443070709705 0.558880209923 0.06389177 -0.5202899 1.04700016975
1649156040.18 -0.157017797232 0.489216208458 0.558300733566 0.06389177 -0.5202899 0.0090000629425
1649156040.27 -0.11696460098 0.50729906559 0.545137166977 0.06389177 -0.5202899 0.0750000476837
1649156040.34 -0.090053871274 0.505814254284 0.527470707893 0.06389177 -0.5202899 0.066999912262
1649156040.37 -0.0829678475857 0.508414745331 0.518896698952 0.06389177 -0.5202899 0.0170001983643
1649156040.38 -0.0765739455819 0.512712478638 0.516783237457 0.06389177 -0.5202899 0.0090000629425
1649156044.45 -0.250147461891 0.485130369663 0.555107176304 0.06389177 -0.5202899 3.25099992752
1649156059.94 -0.287912726402 0.442291498184 0.294538885355 0.06389177 -0.5202899 0.493000030518
1649156059.96 -0.28573101759 0.444945931435 0.294954001904 0.06389177 -0.5202899 0.00899982452393
1649156060.6 -0.204171702266 0.472812771797 0.261540412903 0.06389177 -0.5202899 0.00800013542175
1649156065.26 -0.231064945459 0.50531244278 0.559689640999 0.06389177 -0.5202899 0.442000150681
1649156109.21 -0.116193920374 0.575963258743 0.392752766609 0.06389177 -0.5202899 0.486999988556
1649156109.31 -0.113463781774 0.590491235256 0.39505136013 0.06389177 -0.5202899 0.0860002040863
1649156110.19 -0.113432966173 0.666604399681 0.443106561899 0.06389177 -0.5202899 0.872000217438
1649156132.41 -0.151828125119 0.706387221813 0.467075556517 0.19769189 0.5682844 3.15100002289
1649156157.12 -0.0816155448556 0.623079478741 1.56929004192 0.19769189 0.5682844 0.00799989700317
1649156157.15 -0.0787834376097 0.631685376167 1.57143843174 0.19769189 0.5682844 0.0090000629425
1649156160.13 -0.198425799608 0.450832724571 1.53595936298 0.19769189 0.5682844 2.88399982452
1649156177.26 -0.109395883977 0.568316936493 1.63789176941 0.19769189 0.5682844 0.743000030518
1649156178.11 -0.120136275887 0.684247851372 1.59882104397 0.19769189 0.5682844 0.515000104904
1649156179.28 0.0243820622563 0.700299203396 1.48387432098 0.19769189 0.5682844 0.400000095367
1649156179.51 0.0209964588284 0.71607208252 1.47253811359 0.19769189 0.5682844 0.0590000152588
1649156181.04 -0.00609539449215 0.703302562237 1.43764805794 0.19769189 0.5682844 0.414999961853
1649156181.28 -0.0248516201973 0.709181010723 1.42801296711 0.19769189 0.5682844 0.226000070572
1649156181.42 -0.0319978371263 0.703365683556 1.42385315895 0.19769189 0.5682844 0.0679998397827
1649156183.64 0.0897134244442 0.532476007938 1.56046235561 0.19769189 0.5682844 1.23000001907
1649156202.54 -0.135114014149 0.551560997963 1.62520122528 0.19769189 0.5682844 0.799999952316
1649156204.54 0.0256529599428 0.671142101288 1.49034523964 0.19769189 0.5682844 1.20000004768
1649156207.06 0.144333302975 0.449314624071 1.60253477097 0.19769189 0.5682844 1.59799981117
1649156207.32 0.150526374578 0.464482218027 1.59129655361 0.19769189 0.5682844 0.00899982452393
1649156207.54 0.147601485252 0.466192960739 1.59818184376 0.19769189 0.5682844 0.125999927521
1649156220.98 -0.0975928604603 0.530787050724 1.64209926128 0.19769189 0.5682844 0.0999999046326
1649156221.15 -0.0393275842071 0.546070873737 1.6492279768 0.19769189 0.5682844 0.117000102997
1649156221.26 -0.00608526915312 0.55942094326 1.64331269264 0.19769189 0.5682844 0.0179998874664
1649156221.32 0.0142998769879 0.563793957233 1.63562655449 0.19769189 0.5682844 0.0510001182556
1649156221.66 0.0479385852814 0.631443202496 1.61424696445 0.19769189 0.5682844 0.00799989700317
1649156222.76 0.0148205459118 0.619993448257 1.45929884911 0.19769189 0.5682844 1.09299993515
1649156224.81 0.0927206426859 0.44241797924 1.44991779327 0.19769189 0.5682844 1.64199995995
1649156242.35 0.0302718430758 0.634544670582 1.50071406364 0.19769189 0.5682844 1.46600008011
1649156256.46 -0.0344088822603 0.456862866879 1.5629478693 0.19769189 0.5682844 0.0380001068115
1649156256.48 -0.0379815362394 0.462554991245 1.57313740253 0.19769189 0.5682844 0.0159997940063
1649156256.96 0.00300166010857 0.446659624577 1.44187438488 0.19769189 0.5682844 0.466000080109
1649156257.0 0.0228845998645 0.443519920111 1.45493984222 0.19769189 0.5682844 0.00899982452393
1649156261.92 0.00735639594495 0.446348786354 1.34749341011 0.19769189 0.5682844 2.55900001526
1649156276.76 0.0168536677957 0.446557074785 1.63644611835 0.19769189 0.5682844 1.10199999809
1649156281.75 -0.00798289477825 0.687953233719 1.42782723904 -0.0622328 -0.7323559 1.27499985695
1649156296.99 -0.294451296329 0.638272285461 0.350146710873 -0.0622328 -0.7323559 1.92599987984
1649156310.61 -0.214877426624 0.62371969223 0.310244768858 -0.0622328 -0.7323559 0.525000095367
1649156310.63 -0.214201182127 0.630750000477 0.313999444246 -0.0622328 -0.7323559 0.0170001983643
1649156310.7 -0.219346255064 0.654866337776 0.315062820911 -0.0622328 -0.7323559 0.0590000152588
1649156311.11 -0.2282320261 0.688254833221 0.322267621756 -0.0622328 -0.7323559 0.400000095367
1649156313.09 -0.35348045826 0.636366903782 0.347133696079 -0.0622328 -0.7323559 0.375999927521
1649156313.85 -0.248503059149 0.536751627922 0.33390635252 -0.0622328 -0.7323559 0.0999999046326
1649156354.07 -0.224743261933 0.685334563255 0.303985744715 -0.0622328 -0.7323559 0.516000032425
1649156355.49 -0.261958479881 0.713166296482 0.25124001503 -0.0622328 -0.7323559 0.733000040054
1649156357.0 -0.392623335123 0.456454515457 0.242665976286 -0.0622328 -0.7323559 1.18499994278
1649156374.21 -0.312157064676 0.705643594265 0.275803864002 -0.0622328 -0.7323559 3.22399997711
1649156374.99 -0.267056107521 0.647830724716 0.262018740177 -0.0622328 -0.7323559 0.617000102997
1649156375.03 -0.257076025009 0.61659681797 0.250160694122 -0.0622328 -0.7323559 0.0169999599457
1649156388.29 -0.33393406868 0.447200000286 0.123591646552 -0.0622328 -0.7323559 0.474999904633
1649156388.55 -0.277143627405 0.445699691772 0.135877624154 -0.0622328 -0.7323559 0.138000011444
1649156391.39 -0.392817974091 0.573970973492 0.207988321781 -0.0622328 -0.7323559 0.588999986649
1649156394.88 -0.167800098658 0.454511314631 0.149253308773 -0.0622328 -0.7323559 3.33800005913
1649156407.56 -0.305093288422 0.734534800053 0.275328457355 -0.0622328 -0.7323559 3.29999995232
1649156408.21 -0.27323654294 0.663540661335 0.262884497643 -0.0622328 -0.7323559 0.0190000534058
1649156408.6 -0.24434992671 0.440833389759 0.250051528215 -0.0622328 -0.7323559 0.366999864578
1649156414.53 -0.388886809349 0.570714473724 0.175522848964 -0.0622328 -0.7323559 0.430999994278
1649156414.84 -0.392318248749 0.653391242027 0.191694021225 -0.0622328 -0.7323559 0.0590000152588
1649156416.35 -0.248500093818 0.685230493546 0.333986282349 -0.0622328 -0.7323559 1.47900009155
1649156416.49 -0.217912390828 0.703232347965 0.312744021416 -0.0622328 -0.7323559 0.0090000629425
1649156416.72 -0.210976034403 0.717325389385 0.30634778738 -0.0622328 -0.7323559 0.225000143051
1649156417.39 -0.245820343494 0.729580163956 0.237726897001 -0.0622328 -0.7323559 0.583999872208
1649156417.47 -0.246440455317 0.741182982922 0.228559166193 -0.0622328 -0.7323559 0.0090000629425
1649156417.5 -0.246150881052 0.740175843239 0.2270244807 -0.0622328 -0.7323559 0.0179998874664
1649156436.96 -0.364091336727 0.711537241936 0.228738218546 0.33845618 -0.7075792 3.15000009537
1649156441.04 0.0546495839953 0.447457164526 0.141251683235 0.33845618 -0.7075792 0.0090000629425
1649156441.27 -0.0264275949448 0.441137373447 0.239779531956 0.33845618 -0.7075792 0.208999872208
1649156448.01 0.0964753627777 0.696468412876 0.299485206604 0.33845618 -0.7075792 0.459000110626
1649156448.39 0.0509347394109 0.708753049374 0.293429017067 0.33845618 -0.7075792 0.0670001506805
1649156450.54 -0.0587475337088 0.477784484625 0.169718340039 0.33845618 -0.7075792 1.19199991226
1649156471.19 -0.0519415140152 0.668534696102 0.287379413843 0.33845618 -0.7075792 1.04200005531
1649156487.95 0.0446688607335 0.728978395462 0.29648694396 0.33845618 -0.7075792 1.12099981308
1649156487.97 0.0345661640167 0.732958555222 0.285383164883 0.33845618 -0.7075792 0.00899982452393
1649156489.89 0.0254279188812 0.722909331322 0.272620022297 0.33845618 -0.7075792 0.825000047684
1649156493.4 0.0131428893656 0.692655682564 0.25344389677 0.33845618 -0.7075792 0.296999931335
1649156514.5 -0.0140839554369 0.728868067265 0.261573314667 0.33845618 -0.7075792 2.67100000381
1649156520.13 0.0810935273767 0.439871937037 0.302379399538 0.33845618 -0.7075792 0.654000043869
1649156536.98 -0.0624548792839 0.44466149807 0.141148343682 0.33845618 -0.7075792 3.44200015068
1649156545.43 -0.000433930661529 0.669526338577 0.277578026056 0.33845618 -0.7075792 1.04999995232
1649156545.81 0.00830723624676 0.674500048161 0.232858985662 0.33845618 -0.7075792 0.0590000152588
1649156550.81 -0.00747703015804 0.690937876701 0.344323664904 0.33845618 -0.7075792 1.95000004768
1649156561.57 -0.0148707404733 0.675441265106 0.292428582907 0.33845618 -0.7075792 0.924000024796
1649156567.62 0.0326355397701 0.686266601086 0.279351532459 0.33845618 -0.7075792 0.338999986649
1649156569.87 -0.0627137795091 0.712949633598 0.263445526361 0.33845618 -0.7075792 2.03900003433
1649156570.93 -0.0256595276296 0.446144044399 0.11538682878 0.33845618 -0.7075792 0.734000205994
1649156570.95 -0.0222057756037 0.443349301815 0.116043411195 0.33845618 -0.7075792 0.0090000629425
1649156590.89 -0.0434379354119 0.692922770977 0.254938006401 -0.1928211 0.646512 0.991999864578
1649156605.85 -0.46043369174 0.450708180666 1.65221142769 -0.1928211 0.646512 0.638000011444
1649156605.88 -0.459154099226 0.448292315006 1.65436542034 -0.1928211 0.646512 0.0169999599457
1649156606.73 -0.514732241631 0.597200393677 1.61711263657 -0.1928211 0.646512 0.0169999599457
1649156607.7 -0.532203376293 0.589725792408 1.46206045151 -0.1928211 0.646512 0.953999996185
1649156618.52 -0.299764931202 0.498600006104 1.52187716961 -0.1928211 0.646512 0.434000015259
1649156619.79 -0.582013785839 0.561532020569 1.53256237507 -0.1928211 0.646512 0.891999959946
1649156620.33 -0.553808271885 0.5849801898 1.48278725147 -0.1928211 0.646512 0.424999952316
1649156620.67 -0.549476981163 0.43738001585 1.47790277004 -0.1928211 0.646512 0.325000047684
1649156620.69 -0.553823113441 0.439810991287 1.47593557835 -0.1928211 0.646512 0.00800013542175
1649156620.71 -0.551419198513 0.441968381405 1.47794425488 -0.1928211 0.646512 0.0090000629425
1649156623.23 -0.586413621902 0.507578015327 1.61598467827 -0.1928211 0.646512 0.65900015831
1649156624.87 -0.376913636923 0.664654970169 1.53422129154 -0.1928211 0.646512 0.742000102997
1649156644.29 -0.364659905434 0.684341847897 1.57111644745 -0.1928211 0.646512 0.694000005722
1649156644.43 -0.368786364794 0.699328899384 1.55368411541 -0.1928211 0.646512 0.00799989700317
1649156644.45 -0.369115978479 0.702659189701 1.55095565319 -0.1928211 0.646512 0.0169999599457
1649156647.27 -0.35546246171 0.714981794357 1.61461424828 -0.1928211 0.646512 2.52400016785
1649156663.67 -0.390216886997 0.558705627918 1.63834679127 -0.1928211 0.646512 0.160000085831
1649156668.78 -0.426357328892 0.703137397766 1.47391438484 -0.1928211 0.646512 2.70700001717
1649156681.24 -0.393166899681 0.612397074699 1.63962733746 -0.1928211 0.646512 0.486999988556
1649156683.37 -0.537620127201 0.456134229898 1.71197926998 -0.1928211 0.646512 1.6139998436
1649156684.92 -0.525787472725 0.655835449696 1.54589045048 -0.1928211 0.646512 0.516999959946
1649156700.42 -0.589473485947 0.627419352531 1.57287216187 -0.1928211 0.646512 2.55900001526
1649156728.08 -0.510450959206 0.449480563402 1.71285092831 -0.1928211 0.646512 0.467000007629
1649156728.13 -0.521915316582 0.455232918262 1.70645821095 -0.1928211 0.646512 0.00800013542175
1649156729.91 -0.538695394993 0.452230155468 1.46630609035 -0.1928211 0.646512 0.631999969482
1649156729.92 -0.539849698544 0.455049663782 1.45725405216 -0.1928211 0.646512 0.00899982452393
1649156746.07 -0.408886253834 0.700388014317 1.53868961334 -0.14396545 0.15256114 1.29200005531
1649156750.33 -0.44429603219 0.459881395102 1.02416324615 -0.14396545 0.15256114 0.717000007629
1649156751.56 -0.47770935297 0.644263744354 1.2149848938 -0.14396545 0.15256114 0.911999940872
1649156752.9 -0.422375738621 0.707816660404 1.2342094183 -0.14396545 0.15256114 0.0420000553131
1649156752.95 -0.428266227245 0.698741197586 1.23690974712 -0.14396545 0.15256114 0.00800013542175
1649156753.0 -0.436077654362 0.690771818161 1.23375797272 -0.14396545 0.15256114 0.00899982452393
1649156753.66 -0.544635534286 0.445940285921 1.0801358223 -0.14396545 0.15256114 0.592000007629
1649156753.68 -0.546059966087 0.447808027267 1.0721886158 -0.14396545 0.15256114 0.0090000629425
1649156759.15 -0.526700913906 0.44706967473 1.01545846462 -0.14396545 0.15256114 0.00800013542175
1649156759.7 -0.420779258013 0.521292567253 1.23450040817 -0.14396545 0.15256114 0.532999992371
1649156785.95 -0.407266527414 0.519282162189 1.23751938343 -0.14396545 0.15256114 0.717000007629
1649156805.88 -0.313524365425 0.493694335222 1.21310901642 -0.14396545 0.15256114 0.557999849319
1649156818.31 -0.438323616982 0.513779878616 1.02245008945 -0.14396545 0.15256114 0.216000080109
1649156819.96 -0.367946952581 0.553305864334 1.01141285896 -0.14396545 0.15256114 0.901000022888
1649156829.52 -0.438704609871 0.577896714211 1.14610230923 -0.14396545 0.15256114 0.424999952316
1649156830.69 -0.251529932022 0.461098909378 1.06159210205 -0.14396545 0.15256114 1.1210000515
1649156830.72 -0.239519685507 0.45381206274 1.07590651512 -0.14396545 0.15256114 0.0169999599457
1649156838.46 -0.306626975536 0.444021582603 0.959849655628 -0.14396545 0.15256114 0.0090000629425
1649156838.51 -0.319263488054 0.442856669426 0.955066621304 -0.14396545 0.15256114 0.0260000228882
1649156839.96 -0.542334198952 0.539604783058 1.05224835873 -0.14396545 0.15256114 1.4509999752
1649156845.16 -0.441267639399 0.450594872236 0.940212130547 -0.14396545 0.15256114 1.71700000763
1649156849.14 -0.255801856518 0.44289073348 1.02556014061 -0.14396545 0.15256114 0.00799989700317
1649156849.16 -0.252250760794 0.440077781677 1.02838885784 -0.14396545 0.15256114 0.0169999599457
1649156849.21 -0.253004550934 0.439528316259 1.03291428089 -0.14396545 0.15256114 0.0420000553131
1649156849.32 -0.242487117648 0.441105127335 1.04405283928 -0.14396545 0.15256114 0.0250000953674
1649156867.57 -0.452307760715 0.459577262402 0.947658061981 -0.14396545 0.15256114 0.723000049591
1649156867.58 -0.452698409557 0.454797893763 0.945716619492 -0.14396545 0.15256114 0.00799989700317
1649156893.78 -0.458037316799 0.476552844048 1.04749763012 -0.14396545 0.15256114 0.610999822617
1649156895.21 -0.317609548569 0.641505658627 1.08122241497 -0.14396545 0.15256114 0.796000003815
1649156910.21 -0.427842736244 0.547876834869 1.15291714668 -0.14396545 0.15256114 0.257999897003
1649156911.77 -0.248280331492 0.586086630821 1.13174200058 -0.14396545 0.15256114 1.4470000267
1649156913.12 -0.375468105078 0.664662063122 1.16135632992 -0.14396545 0.15256114 0.916999816895
1649156925.97 -0.45971056819 0.522804319859 1.04971253872 -0.14396545 0.15256114 0.00899982452393
1649156926.35 -0.421993434429 0.547713160515 1.15960681438 -0.14396545 0.15256114 0.366000175476
1649156929.45 -0.388059049845 0.460627406836 1.16122078896 -0.14396545 0.15256114 2.83400011063
1649156963.24 -0.544776141644 0.455998599529 1.07573962212 -0.14396545 0.15256114 2.73299980164
1649156963.26 -0.543790876865 0.456410318613 1.09132134914 -0.14396545 0.15256114 0.0090000629425
1649156964.74 -0.491624772549 0.447753340006 1.20204675198 -0.14396545 0.15256114 1.47600007057
1649156965.58 -0.54021447897 0.449815988541 1.12076616287 -0.14396545 0.15256114 0.75
1649156966.92 -0.401783049107 0.44209292531 1.23789131641 -0.14396545 0.15256114 0.866999864578
1649156974.71 -0.339383602142 0.556339263916 0.943676352501 -0.14396545 0.15256114 0.800999879837
1649156976.34 -0.458732962608 0.639003872871 1.10330343246 -0.12390299 0.72832006 0.774999856949
1649156996.81 -0.417671948671 0.713902771473 1.60204827785 -0.12390299 0.72832006 0.699000120163
1649156999.68 -0.446364015341 0.71677172184 1.65635585785 -0.12390299 0.72832006 2.58399987221
1649157000.62 -0.283572673798 0.456774175167 1.7216335535 -0.12390299 0.72832006 0.550999879837
1649157029.01 -0.332334011793 0.450555801392 1.73324728012 -0.12390299 0.72832006 3.69099998474
1649157049.26 -0.417397975922 0.554833054543 1.71968579292 -0.12390299 0.72832006 0.672000169754
1649157052.0 -0.297527253628 0.72531914711 1.62188613415 -0.12390299 0.72832006 2.55900001526
1649157056.35 -0.298266887665 0.609069228172 1.63542985916 -0.12390299 0.72832006 0.0090000629425
1649157056.74 -0.31773468852 0.56152421236 1.71646511555 -0.12390299 0.72832006 0.378000020981
1649157057.19 -0.321556001902 0.689254283905 1.71910715103 -0.12390299 0.72832006 0.00899982452393
1649157058.84 -0.405324757099 0.686315596104 1.8095947504 -0.12390299 0.72832006 1.64599990845
1649157059.36 -0.306526899338 0.716999173164 1.7978374958 -0.12390299 0.72832006 0.274999856949
1649157060.12 -0.440888375044 0.654043674469 1.6874434948 -0.12390299 0.72832006 0.516999959946
1649157085.7 -0.433603197336 0.622402906418 1.70137917995 -0.12390299 0.72832006 0.15499997139
1649157086.06 -0.313357949257 0.450142145157 1.71407270432 -0.12390299 0.72832006 0.253000020981
1649157091.44 -0.417937874794 0.637746214867 1.51845705509 -0.12390299 0.72832006 2.4880001545
1649157091.91 -0.494407057762 0.452195197344 1.57589316368 -0.12390299 0.72832006 0.332999944687
1649157111.59 -0.518598079681 0.526518344879 1.63390421867 -0.12390299 0.72832006 2.58400011063
1649157112.46 -0.350988149643 0.64349591732 1.64895772934 -0.13109647 -0.41492587 0.742000102997
1649157123.66 -0.429518729448 0.446474850178 0.447661995888 -0.13109647 -0.41492587 0.53400015831
1649157125.78 -0.242224216461 0.458265781403 0.46124202013 -0.13109647 -0.41492587 1.28900003433
1649157138.92 -0.252505242825 0.495918989182 0.445154428482 -0.13109647 -0.41492587 0.441999912262
1649157140.65 -0.361419558525 0.516153931618 0.369788944721 -0.13109647 -0.41492587 0.058000087738
1649157142.81 -0.369446724653 0.646078705788 0.421654731035 -0.13109647 -0.41492587 0.516999959946
1649157143.19 -0.370904177427 0.473920881748 0.593798339367 -0.13109647 -0.41492587 0.30899977684
