1637157367.74 -0.386792898178 0.498104512691 0.311376988888 -0.17744917 -0.52422565 0.397000074387
1637157369.49 -0.568756461143 0.471175462008 0.309495657682 -0.17744917 -0.52422565 1.382999897
1637157373.58 -0.550422072411 0.465871483088 0.473587989807 -0.17744917 -0.52422565 1.40999984741
1637157392.98 -0.564262092113 0.495838522911 0.30742764473 -0.17744917 -0.52422565 0.225000143051
1637157397.63 -0.357920199633 0.679892361164 0.439793586731 -0.17744917 -0.52422565 1.40900015831
1637157398.82 -0.360358327627 0.645439982414 0.345494300127 -0.17744917 -0.52422565 0.526000022888
1637157412.83 -0.438940823078 0.631258845329 0.528150379658 -0.17744917 -0.52422565 1.64199995995
1637157414.33 -0.396010279655 0.646799504757 0.522666692734 -0.17744917 -0.52422565 0.358999967575
1637157415.0 -0.44030174613 0.464161276817 0.532036781311 -0.17744917 -0.52422565 0.0090000629425
1637157415.89 -0.596769690514 0.513325333595 0.434053689241 -0.17744917 -0.52422565 0.842000007629
1637157425.71 -0.312219172716 0.47085249424 0.478085488081 -0.17744917 -0.52422565 0.567000150681
1637157438.27 -0.507227778435 0.624410390854 0.507385492325 -0.17744917 -0.52422565 0.516999959946
1637157458.12 -0.364776074886 0.661747634411 0.338505119085 -0.17744917 -0.52422565 2.72099995613
1637157458.16 -0.364774793386 0.663269758224 0.339206784964 -0.17744917 -0.52422565 0.0090000629425
1637157458.28 -0.363751143217 0.674464762211 0.341198831797 -0.17744917 -0.52422565 0.108999967575
1637157460.5 -0.424658358097 0.501595079899 0.222468525171 -0.17744917 -0.52422565 1.12199997902
1637157477.75 -0.456463009119 0.654112458229 0.281385034323 -0.17744917 -0.52422565 1.49300003052
1637157478.37 -0.410563230515 0.597858011723 0.449178218842 -0.17744917 -0.52422565 0.183000087738
1637157480.21 -0.36485016346 0.461237132549 0.513531923294 -0.17744917 -0.52422565 1.35000014305
1637157487.68 -0.494512408972 0.686797738075 0.422971844673 -0.17744917 -0.52422565 1.42499995232
1637157492.91 -0.353390753269 0.463798910379 0.394627809525 -0.17744917 -0.52422565 0.134999990463
1637157493.39 -0.407197505236 0.462803721428 0.304826408625 -0.17744917 -0.52422565 0.253999948502
1637157495.19 -0.283951669931 0.625163376331 0.420372068882 -0.17744917 -0.52422565 1.54699993134
1637157501.73 -0.552625238895 0.522660017014 0.289515793324 -0.17744917 -0.52422565 0.44000005722
1637157552.71 -0.5539509058 0.527053415775 0.46657371521 -0.17744917 -0.52422565 3.35199999809
1637157553.73 -0.53882932663 0.633068621159 0.46223154664 -0.025526106 0.0038985587 0.518000125885
1637157559.44 -0.205856025219 0.453264921904 0.929993569851 -0.025526106 0.0038985587 0.069000005722
1637157560.9 -0.312692373991 0.456400066614 0.973097801208 -0.025526106 0.0038985587 1.2619998455
1637157567.09 -0.207192614675 0.454840928316 0.871806621552 -0.025526106 0.0038985587 0.440999984741
1637157578.36 -0.343136131763 0.504637181759 0.868533313274 -0.025526106 0.0038985587 0.630000114441
1637157579.14 -0.329623788595 0.683024942875 0.958772242069 -0.025526106 0.0038985587 0.467000007629
1637157581.58 -0.253378301859 0.455147325993 0.754485428333 -0.025526106 0.0038985587 1.09300017357
1637157583.85 -0.297859042883 0.460775464773 0.746336460114 -0.025526106 0.0038985587 0.00899982452393
1637157583.92 -0.27465057373 0.457273125648 0.752308011055 -0.025526106 0.0038985587 0.058000087738
1637157584.15 -0.306180894375 0.474747717381 0.757022321224 -0.025526106 0.0038985587 0.225000143051
1637157592.62 -0.151907756925 0.456031650305 0.990899860859 -0.025526106 0.0038985587 1.98399996758
1637157595.5 -0.358958899975 0.459101051092 0.778755545616 -0.025526106 0.0038985587 0.634000062943
1637157608.27 -0.229832097888 0.487088680267 0.760039150715 -0.025526106 0.0038985587 0.492000102997
1637157630.01 -0.339215785265 0.463648498058 0.767066597939 -0.025526106 0.0038985587 0.700000047684
1637157643.38 -0.242548331618 0.475499391556 0.972109854221 -0.025526106 0.0038985587 1.04200005531
1637157644.83 -0.202058762312 0.620815634727 0.886284828186 -0.025526106 0.0038985587 1.15000009537
1637157659.53 -0.349896460772 0.487521320581 0.888374090195 -0.025526106 0.0038985587 1.18099999428
1637157662.27 -0.187309652567 0.558170676231 1.02517831326 -0.025526106 0.0038985587 2.1779999733
1637157664.52 -0.413136869669 0.46080493927 0.968751966953 -0.025526106 0.0038985587 0.892999887466
1637157678.19 -0.154715567827 0.544683694839 0.992310881615 -0.025526106 0.0038985587 0.492000102997
1637157678.22 -0.154077857733 0.542093217373 0.997027754784 -0.025526106 0.0038985587 0.00899982452393
1637157680.7 -0.340072900057 0.550325930119 0.862726509571 -0.025526106 0.0038985587 2.20900011063
1637157682.61 -0.349896222353 0.672984063625 0.919546186924 -0.025526106 0.0038985587 0.316999912262
1637157682.77 -0.352087497711 0.68922740221 0.910533726215 -0.025526106 0.0038985587 0.141999959946
1637157686.97 -0.176593288779 0.500759363174 0.954846084118 -0.025526106 0.0038985587 0.475999832153
1637157690.93 -0.311351597309 0.597680807114 0.97089022398 -0.025526106 0.0038985587 0.00899982452393
1637157693.71 -0.397314310074 0.463258475065 0.993722915649 -0.025526106 0.0038985587 2.40400004387
1637157694.25 -0.424789249897 0.457885593176 0.926975250244 -0.025526106 0.0038985587 0.15900015831
1637157704.99 -0.425897210836 0.495689362288 0.876545548439 -0.025526106 0.0038985587 0.891999959946
1637157732.76 -0.219875663519 0.644452035427 0.981521308422 -0.025526106 0.0038985587 1.51799988747
1637157733.82 -0.356214523315 0.574982941151 0.91223359108 -0.025526106 0.0038985587 0.625
1637157736.67 -0.311452269554 0.608202517033 1.05401670933 -0.025526106 0.0038985587 1.76799988747
1637157742.96 -0.307516783476 0.578012526035 0.757001817226 -0.025526106 0.0038985587 0.643000125885
1637157744.97 -0.131243005395 0.586341679096 0.944647192955 -0.025526106 0.0038985587 1.97499990463
1637157745.4 -0.180801481009 0.612533986568 1.02051115036 -0.025526106 0.0038985587 0.200999975204
1637157746.1 -0.305682271719 0.660089552402 0.978141069412 -0.025526106 0.0038985587 0.618000030518
1637157747.15 -0.349605441093 0.656774222851 0.886360526085 -0.025526106 0.0038985587 0.467000007629
1637157754.42 -0.30206900835 0.452831566334 0.832969546318 -0.025526106 0.0038985587 0.365999937057
1637157764.37 -0.238029658794 0.499480992556 0.970387637615 -0.025526106 0.0038985587 0.475999832153
1637157766.05 -0.424305230379 0.463779568672 0.93326485157 -0.025526106 0.0038985587 1.43400001526
1637157773.24 -0.409824669361 0.529621005058 0.974371433258 -0.025526106 0.0038985587 0.467000007629
1637157775.64 -0.352241277695 0.657107651234 0.799186050892 -0.12630373 -0.6763842 0.516000032425
1637157781.64 -0.409629374743 0.467514902353 0.13647082448 -0.12630373 -0.6763842 0.647000074387
1637157783.71 -0.447497159243 0.618278384209 0.359310716391 -0.12630373 -0.6763842 1.34799981117
1637157799.75 -0.321776837111 0.623485743999 0.32823908329 -0.12630373 -0.6763842 1.35100007057
1637157827.76 -0.481764823198 0.504167258739 0.289865136147 -0.12630373 -0.6763842 0.631000041962
1637157834.9 -0.358981251717 0.464105933905 0.150445908308 -0.12630373 -0.6763842 0.81299996376
1637157836.48 -0.266775846481 0.618262887001 0.32358789444 -0.12630373 -0.6763842 1.08400011063
1637157840.7 -0.262950181961 0.46132132411 0.127380996943 -0.12630373 -0.6763842 0.375
1637157865.33 -0.317735105753 0.470160871744 0.0834872052073 -0.12630373 -0.6763842 4.26799988747
1637157866.53 -0.338747829199 0.682472884655 0.105211377144 -0.12630373 -0.6763842 0.509000062943
1637157867.41 -0.42981672287 0.466635674238 0.280800938606 -0.12630373 -0.6763842 0.282999992371
1637157878.3 -0.327172368765 0.462486028671 0.149690046906 -0.12630373 -0.6763842 0.0789999961853
1637157881.76 -0.320490926504 0.62915456295 0.362972289324 -0.12630373 -0.6763842 2.45799994469
1637157896.88 -0.410665661097 0.635267436504 0.292379528284 -0.12630373 -0.6763842 2.48400020599
1637157908.23 -0.493722259998 0.638057947159 0.217590734363 0.16369103 0.7986352 3.46700000763
1637157919.05 0.00932070240378 0.462665826082 1.65213418007 0.16369103 0.7986352 0.0450000762939
1637157920.28 -0.15884026885 0.463696360588 1.68213820457 0.16369103 0.7986352 0.828000068665
1637157927.26 -0.071324788034 0.459788650274 1.60945355892 0.16369103 0.7986352 0.112000226974
1637157929.0 -0.00103125907481 0.645093083382 1.57340705395 0.16369103 0.7986352 1.52300000191
1637157929.04 -0.00078465230763 0.629483580589 1.57374441624 0.16369103 0.7986352 0.0090000629425
1637157929.07 0.000723533332348 0.617655992508 1.57368528843 0.16369103 0.7986352 0.0169999599457
1637157929.1 0.00862778350711 0.595920205116 1.57924342155 0.16369103 0.7986352 0.00800013542175
1637157945.04 -0.234955966473 0.477599442005 1.67029035091 0.16369103 0.7986352 0.0249998569489
1637157946.63 -0.19902291894 0.678556263447 1.6465626955 0.16369103 0.7986352 0.516999959946
1637157956.38 -0.0621067807078 0.592888057232 1.62346720695 0.16369103 0.7986352 0.432999849319
1637157957.76 -0.137979224324 0.536395847797 1.64408576488 0.16369103 0.7986352 0.226999998093
1637157960.01 -0.0546203404665 0.619922935963 1.5477039814 0.16369103 0.7986352 0.996999979019
1637157986.68 0.0616013109684 0.463622421026 1.64855647087 0.16369103 0.7986352 0.0750000476837
1637157987.78 0.0377424694598 0.68060618639 1.68667757511 0.16369103 0.7986352 0.516000032425
1637158007.06 -0.0316861309111 0.57487654686 1.64421606064 0.16369103 0.7986352 0.202999830246
1637158009.35 -0.0633181408048 0.622975766659 1.54967319965 0.16369103 0.7986352 1.73100018501
1637158010.36 -0.0702981799841 0.626625478268 1.54847288132 0.16369103 0.7986352 0.316999912262
1637158013.2 -0.225917994976 0.68129247427 1.74981021881 0.16369103 0.7986352 0.5
1637158013.45 -0.220902636647 0.695023655891 1.76224386692 0.16369103 0.7986352 0.0169999599457
1637158014.91 0.114889629185 0.461205452681 1.57416927814 0.16369103 0.7986352 1.41799998283
1637158017.72 0.0165221244097 0.665773332119 1.67442512512 0.16369103 0.7986352 0.516999959946
1637158020.39 -0.221766769886 0.459966003895 1.63167273998 0.16369103 0.7986352 1.86800003052
1637158043.6 0.0370277911425 0.656304359436 1.6685718298 0.16369103 0.7986352 0.942000150681
1637158052.03 -0.137721017003 0.667932868004 1.75247657299 0.16369103 0.7986352 0.486000061035
1637158053.5 0.0896552950144 0.517137348652 1.66700136662 0.16369103 0.7986352 1.00699996948
1637158058.25 -0.108610153198 0.633387744427 1.66782236099 0.127964 0.2105349 2.52999997139
1637158073.09 -0.0808828547597 0.454467386007 1.17434036732 0.127964 0.2105349 0.666999816895
1637158076.26 -0.194606870413 0.660416007042 1.08848524094 0.127964 0.2105349 0.241999864578
1637158079.05 -0.104863382876 0.649802088737 1.00604629517 0.127964 0.2105349 2.52799987793
1637158094.39 -0.0459538437426 0.449355691671 1.100004673 0.127964 0.2105349 0.814999818802
1637158098.08 0.0463577955961 0.453345358372 1.1441808939 0.127964 0.2105349 2.69200015068
1637158121.0 -0.0972960442305 0.515221774578 1.25930738449 0.127964 0.2105349 0.733000040054
1637158144.59 -0.217283204198 0.539262712002 1.22663474083 0.127964 0.2105349 0.758999824524
1637158144.8 -0.236892953515 0.604605436325 1.20725786686 0.127964 0.2105349 0.118000030518
1637158144.82 -0.239575475454 0.608455002308 1.2038667202 0.127964 0.2105349 0.00800013542175
1637158144.9 -0.255854010582 0.613648056984 1.17887246609 0.127964 0.2105349 0.0750000476837
1637158159.6 -0.0660496503115 0.456613123417 1.16096925735 0.127964 0.2105349 0.47000002861
1637158161.46 -0.0668100938201 0.517973542213 1.16374623775 0.127964 0.2105349 1.33000016212
1637158187.65 -0.0639201849699 0.663912534714 1.06111991405 0.127964 0.2105349 0.663000106812
1637158189.14 0.00873785000294 0.509581327438 1.18943893909 0.127964 0.2105349 1.1740000248
1637158200.31 0.00816259626299 0.55420178175 1.18520116806 0.127964 0.2105349 0.632999897003
1637158200.99 -0.0722659602761 0.626576721668 1.24721217155 0.127964 0.2105349 0.559000015259
1637158214.2 -0.108526676893 0.521016299725 1.18492770195 0.127964 0.2105349 0.327000141144
1637158215.4 -0.205999404192 0.456017822027 1.14660191536 0.127964 0.2105349 0.930000066757
1637158216.76 -0.19009655714 0.696484684944 1.14279472828 0.127964 0.2105349 0.408999919891
1637158218.58 0.0231873225421 0.515928685665 1.06168115139 0.127964 0.2105349 1.11200022697
1637158238.25 0.00358482031152 0.474993646145 1.19472312927 0.127964 0.2105349 0.258000135422
1637158244.09 -0.244924679399 0.636033475399 1.02389776707 0.127964 0.2105349 0.0579998493195
1637158252.69 -0.197943225503 0.651207208633 1.21551585197 0.127964 0.2105349 0.516999959946
1637158255.86 -0.272584974766 0.455188125372 1.11458277702 0.127964 0.2105349 0.974999904633
1637158255.88 -0.280089348555 0.456574857235 1.11082744598 0.127964 0.2105349 0.0090000629425
1637158266.39 -0.27347868681 0.515950262547 1.11493003368 0.127964 0.2105349 0.167000055313
1637158295.55 -0.107227556407 0.537838697433 1.25982141495 0.127964 0.2105349 0.833999872208
1637158304.68 -0.164245888591 0.674340486526 1.03222239017 -0.3131412 0.42881373 1.71700000763
1637158307.77 -0.538357198238 0.466614186764 1.25276815891 -0.3131412 0.42881373 0.0199999809265
1637158307.79 -0.541165649891 0.4652082026 1.25395274162 -0.3131412 0.42881373 0.00600004196167
1637158307.83 -0.551429092884 0.475778877735 1.25783145428 -0.3131412 0.42881373 0.0260000228882
1637158307.84 -0.550981879234 0.478792846203 1.25544595718 -0.3131412 0.42881373 0.00799989700317
1637158308.76 -0.557368934155 0.652175843716 1.25510406494 -0.3131412 0.42881373 0.126999855042
1637158322.14 -0.604333758354 0.623239099979 1.39349341393 -0.3131412 0.42881373 0.338999986649
1637158324.52 -0.514290571213 0.461151957512 1.18534445763 -0.3131412 0.42881373 2.02500009537
1637158337.72 -0.499524623156 0.66806435585 1.3705265522 -0.3131412 0.42881373 1.67499995232
1637158343.13 -0.589496016502 0.544343054295 1.2593318224 -0.3131412 0.42881373 0.197000026703
1637158347.61 -0.491758137941 0.604027271271 1.46433770657 -0.3131412 0.42881373 1.68299984932
1637158362.52 -0.454168230295 0.525361299515 1.43427503109 -0.3131412 0.42881373 0.158999919891
1637158388.76 -0.525120258331 0.505863845348 1.18309557438 -0.3131412 0.42881373 0.566999912262
1637158411.38 -0.527818858624 0.68592685461 1.26321697235 -0.3131412 0.42881373 1.74300003052
1637158411.59 -0.49352234602 0.660253942013 1.29501748085 -0.3131412 0.42881373 0.108999967575
1637158419.94 -0.515750408173 0.677203536034 1.1862475872 -0.3131412 0.42881373 2.10100007057
1637158422.05 -0.561673223972 0.475303649902 1.25481402874 -0.3131412 0.42881373 1.27499985695
1637158424.08 -0.56785428524 0.637968122959 1.25425815582 -0.3131412 0.42881373 0.479000091553
1637158458.08 -0.506356179714 0.574903249741 1.28030836582 -0.3131412 0.42881373 0.0930001735687
1637158458.9 -0.556144535542 0.610542178154 1.25466561317 -0.3131412 0.42881373 0.302000045776
1637158462.38 -0.484683126211 0.545718610287 1.33118712902 -0.3131412 0.42881373 3.12400007248
1637158473.03 -0.500823438168 0.462529778481 1.37398290634 -0.3131412 0.42881373 0.0360000133514
1637158478.68 -0.433480650187 0.476255595684 1.24867630005 -0.3131412 0.42881373 2.12099981308
1637158495.38 -0.500706195831 0.487461060286 1.19310200214 -0.3131412 0.42881373 0.467000007629
1637158507.52 -0.611464440823 0.62725520134 1.28112196922 0.13871323 0.562054 0.766999959946
1637158521.84 -0.0206604488194 0.674706101418 1.34145486355 0.13871323 0.562054 2.83399987221
1637158523.09 -0.0563928335905 0.692847549915 1.32185912132 0.13871323 0.562054 0.226000070572
1637158527.18 -0.201092377305 0.470531493425 1.58209347725 0.13871323 0.562054 0.499000072479
1637158540.85 0.0349792949855 0.595023751259 1.4985858202 0.13871323 0.562054 0.583999872208
1637158541.5 -0.254316926003 0.539986670017 1.50557684898 0.13871323 0.562054 0.625
1637158574.56 -0.181947171688 0.549305081367 1.32435166836 0.13871323 0.562054 0.608999967575
1637158596.49 -0.124796673656 0.641931653023 1.536632061 0.13871323 0.562054 1.89199995995
1637158598.64 -0.160852685571 0.456624597311 1.40423190594 0.13871323 0.562054 0.424999952316
1637158617.55 -0.0551958978176 0.511905729771 1.51268672943 0.13871323 0.562054 0.151000022888
1637158618.36 -0.03785982728 0.675350427628 1.48361778259 0.13871323 0.562054 0.391999959946
1637158619.63 -0.0945824310184 0.58317232132 1.61198246479 0.13871323 0.562054 1.00499987602
1637158621.92 -0.00199156627059 0.464384078979 1.57080113888 0.13871323 0.562054 0.958999872208
1637158622.79 -0.153292372823 0.461597234011 1.60733997822 0.13871323 0.562054 0.166999816895
1637158623.45 -0.251837432384 0.459532558918 1.51783978939 0.13871323 0.562054 0.316999912262
1637158683.13 -0.152220517397 0.457500219345 1.52638041973 0.13871323 0.562054 0.450999975204
1637158685.08 -0.0370808616281 0.565905332565 1.43624055386 0.13871323 0.562054 1.05099987984
1637158700.52 -0.0543494857848 0.522734880447 1.51207745075 0.13871323 0.562054 0.193000078201
1637158702.13 -0.0106456279755 0.644412100315 1.34938979149 0.13871323 0.562054 1.37299990654
1637158703.39 -0.151667043567 0.667753815651 1.32602071762 0.13871323 0.562054 0.858999967575
1637158734.33 -0.056794822216 0.525700032711 1.51591062546 0.13871323 0.562054 0.202999830246
1637158736.35 0.0644557625055 0.460716158152 1.65453207493 0.13871323 0.562054 1.73000001907
1637158778.26 -0.00592110026628 0.463728636503 1.57539248466 0.13871323 0.562054 0.651000022888
1637158780.79 -0.162077650428 0.529617905617 1.32036530972 0.13871323 0.562054 0.600000143051
1637158797.99 -0.0456058382988 0.56457901001 1.50101208687 0.13871323 0.562054 1.23399996758
1637158801.19 -0.113377325237 0.612517118454 1.38659489155 0.13871323 0.562054 0.0750000476837
1637158802.78 -0.0925482437015 0.48620775342 1.682502985 0.13871323 0.562054 1.52200007439
1637158816.84 -0.0349263511598 0.671986877918 1.45306670666 0.0020196165 -0.12590772 0.641999959946
1637158835.17 -0.186287581921 0.45329901576 0.818004071712 0.0020196165 -0.12590772 0.676000118256
1637158837.38 -0.346079587936 0.479326248169 0.890236079693 0.0020196165 -0.12590772 1.93299984932
1637158847.64 -0.353677928448 0.456043750048 0.882202804089 0.0020196165 -0.12590772 0.559000015259
1637158882.29 -0.327087163925 0.676881074905 0.783582627773 0.0020196165 -0.12590772 0.516999959946
1637158882.56 -0.31659924984 0.666132688522 0.74117732048 0.0020196165 -0.12590772 0.0250000953674
1637158882.58 -0.315718978643 0.665331363678 0.737855434418 0.0020196165 -0.12590772 0.00799989700317
1637158886.71 -0.204578444362 0.454580575228 0.83567738533 0.0020196165 -0.12590772 0.59299993515
1637158886.73 -0.198564067483 0.454359769821 0.840825855732 0.0020196165 -0.12590772 0.00799989700317
1637158903.31 -0.396429032087 0.55542755127 0.743608415127 0.0020196165 -0.12590772 2.21300005913
1637158903.34 -0.401383668184 0.523953557014 0.763346493244 0.0020196165 -0.12590772 0.0169999599457
1637158904.76 -0.396508395672 0.460511505604 0.807457983494 0.0020196165 -0.12590772 1.367000103
1637158904.81 -0.399408847094 0.459422618151 0.811340510845 0.0020196165 -0.12590772 0.00800013542175
1637158904.83 -0.396555870771 0.459232658148 0.806442499161 0.0020196165 -0.12590772 0.0169999599457
1637158904.86 -0.396141141653 0.459692001343 0.806482493877 0.0020196165 -0.12590772 0.00800013542175
1637158905.18 -0.407228410244 0.462968468666 0.79209458828 0.0020196165 -0.12590772 0.318000078201
1637158907.57 -0.182840496302 0.452910542488 0.635220706463 0.0020196165 -0.12590772 2.375
1637158912.72 -0.37772372365 0.457715451717 0.852356612682 0.0020196165 -0.12590772 0.768000125885
1637158922.01 -0.266607195139 0.695451676846 0.701060175896 0.0020196165 -0.12590772 2.45899987221
1637158938.2 -0.291580677032 0.455561518669 0.71015560627 0.0020196165 -0.12590772 0.355000019073
1637158941.13 -0.139048829675 0.458841979504 0.881263077259 0.0020196165 -0.12590772 1.29500007629
1637158956.37 -0.347454965115 0.540247619152 0.659437477589 0.0020196165 -0.12590772 0.417000055313
1637158958.11 -0.296630710363 0.680381119251 0.649955630302 0.0020196165 -0.12590772 0.516999959946
1637158960.52 -0.247218385339 0.456787675619 0.698987841606 0.0020196165 -0.12590772 0.0879998207092
1637158960.63 -0.233541220427 0.451863110065 0.699717104435 0.0020196165 -0.12590772 0.108999967575
1637158963.5 -0.22656917572 0.459901541471 0.84610915184 0.0020196165 -0.12590772 1.27099990845
1637158965.37 -0.0989234521985 0.512661755085 0.749354183674 0.0020196165 -0.12590772 1.22300004959
1637158967.54 -0.150600835681 0.454596668482 0.658768057823 0.0020196165 -0.12590772 0.0920000076294
1637158988.78 -0.294413477182 0.677409291267 0.713886976242 0.0020196165 -0.12590772 2.77600002289
1637158989.79 -0.324569016695 0.524539709091 0.774364233017 0.0020196165 -0.12590772 0.0139999389648
1637158989.91 -0.327091127634 0.459079086781 0.787439823151 0.0020196165 -0.12590772 0.117000102997
1637159005.07 -0.291477203369 0.540409445763 0.712068200111 0.0020196165 -0.12590772 0.362999916077
1637159007.38 -0.343434870243 0.488994687796 0.892997086048 0.0020196165 -0.12590772 2.03399991989
1637159019.14 -0.364528477192 0.537566721439 0.677804529667 0.0020196165 -0.12590772 0.424999952316
1637159020.88 -0.3525814116 0.688987493515 0.665225982666 0.0020196165 -0.12590772 0.292000055313
1637159033.29 -0.306225717068 0.594831347466 0.913353025913 0.0020196165 -0.12590772 0.742999792099
1637159033.87 -0.348466992378 0.667899549007 0.847144126892 0.1698678 0.47944444 0.551000118256
1637159049.29 -0.0325851067901 0.457785129547 1.44700074196 0.1698678 0.47944444 0.488000154495
1637159053.11 0.039986345917 0.594542264938 1.47081291676 0.1698678 0.47944444 2.50599980354
1637159053.34 0.0713276714087 0.463430851698 1.3924870491 0.1698678 0.47944444 0.200999975204
1637159053.94 -0.0110996905714 0.456023931503 1.24124383926 0.1698678 0.47944444 0.300000190735
1637159057.85 -0.05016618222 0.497544556856 1.52837634087 0.1698678 0.47944444 0.358000040054
1637159059.99 0.0229884013534 0.687289357185 1.48958086967 0.1698678 0.47944444 0.0249998569489
1637159060.59 0.047605060041 0.685916006565 1.45984172821 0.1698678 0.47944444 0.0920000076294
1637159062.31 0.013624210842 0.673538386822 1.35928809643 0.1698678 0.47944444 0.518000125885
1637159065.21 -0.131375789642 0.526046335697 1.23493862152 0.1698678 0.47944444 1.03799986839
1637159079.68 -0.0462608523667 0.524270415306 1.52725017071 0.1698678 0.47944444 0.641999959946
1637159088.87 -0.0321311615407 0.518088757992 1.52627062798 0.1698678 0.47944444 0.467000007629
1637159089.92 -0.138248726726 0.661118924618 1.46561264992 0.1698678 0.47944444 0.517000198364
1637159100.39 -0.0162330586463 0.463251084089 1.5495159626 0.1698678 0.47944444 1.70300006866
1637159107.68 -0.145977512002 0.456475675106 1.2440199852 0.1698678 0.47944444 3.84300017357
1637159108.31 -0.22479686141 0.455458968878 1.43314397335 0.1698678 0.47944444 0.125
1637159112.17 0.0591886453331 0.454428464174 1.31784749031 0.1698678 0.47944444 0.583999872208
1637159124.22 0.070370182395 0.494055747986 1.38483154774 0.1698678 0.47944444 0.0759999752045
1637159126.6 -0.145316287875 0.640793681145 1.34048628807 0.1698678 0.47944444 1.125
1637159128.28 -0.10127196461 0.694104135036 1.30674779415 0.1698678 0.47944444 0.101000070572
1637159130.53 -0.0265005920082 0.651364684105 1.43284404278 0.1698678 0.47944444 0.561000108719
1637159131.19 -0.00393864139915 0.664278805256 1.37953495979 0.1698678 0.47944444 0.336999893188
1637159146.86 -0.0529533326626 0.499076962471 1.52810692787 0.1698678 0.47944444 1.55900001526
1637159166.2 0.04680788517 0.496010243893 1.46375060081 0.1698678 0.47944444 0.243000030518
1637159169.12 -0.0546098761261 0.648205578327 1.49749135971 -0.13545679 -0.31587467 0.684000015259
1637159173.81 -0.274394482374 0.460600018501 0.574437320232 -0.13545679 -0.31587467 0.628999948502
1637159184.01 -0.446626782417 0.501080751419 0.634041726589 -0.13545679 -0.31587467 0.367000102997
