1637157368.84 -0.452992111444 0.673570811749 0.365051805973 -0.17744917 -0.52422565
1637157397.62 -0.357612431049 0.678776502609 0.439884752035 -0.17744917 -0.52422565
1637157412.28 -0.460895955563 0.665560603142 0.443658202887 -0.17744917 -0.52422565
1637157456.39 -0.424892902374 0.634384632111 0.420449078083 -0.17744917 -0.52422565
1637157459.98 -0.376513153315 0.685310006142 0.363261938095 -0.17744917 -0.52422565
1637157477.75 -0.453976839781 0.656157076359 0.280505359173 -0.17744917 -0.52422565
1637157479.75 -0.418070405722 0.668067514896 0.425178438425 -0.17744917 -0.52422565
1637157487.67 -0.494512408972 0.686797738075 0.422971844673 -0.17744917 -0.52422565
1637157494.33 -0.395675957203 0.663189649582 0.347649693489 -0.17744917 -0.52422565
1637157553.72 -0.539091050625 0.636800169945 0.460365891457 -0.17744917 -0.52422565
1637157581.17 -0.25269010663 0.685060679913 0.894537508488 -0.025526106 0.0038985587
1637157644.3 -0.276538133621 0.690188169479 0.904367029667 -0.025526106 0.0038985587
1637157660.6 -0.318308055401 0.677754402161 0.930223345757 -0.025526106 0.0038985587
1637157679.23 -0.245837211609 0.620078504086 0.905874311924 -0.025526106 0.0038985587
1637157691.89 -0.270594418049 0.626246750355 0.90182954073 -0.025526106 0.0038985587
1637157732.75 -0.220003038645 0.644321799278 0.98148226738 -0.025526106 0.0038985587
1637157735.41 -0.336517453194 0.685922384262 0.922005057335 -0.025526106 0.0038985587
1637157746.09 -0.30522352457 0.658744335175 0.976743638515 -0.025526106 0.0038985587
1637157765.41 -0.275872200727 0.685783445835 0.900525093079 -0.025526106 0.0038985587
1637157775.63 -0.352421402931 0.656384050846 0.799900591373 -0.025526106 0.0038985587
1637157782.96 -0.3848554492 0.713306069374 0.2127597332 -0.12630373 -0.6763842
1637157799.74 -0.322455704212 0.621781229973 0.326765775681 -0.12630373 -0.6763842
1637157835.93 -0.375620305538 0.681214749813 0.252172201872 -0.12630373 -0.6763842
1637157862.29 -0.428912699223 0.67116111517 0.213555857539 -0.12630373 -0.6763842
1637157864.3 -0.437646657228 0.665873765945 0.208633005619 -0.12630373 -0.6763842
1637157866.52 -0.338428616524 0.682241916656 0.105229057372 -0.12630373 -0.6763842
1637157879.81 -0.329086095095 0.671681880951 0.182628676295 -0.12630373 -0.6763842
1637157895.62 -0.359152019024 0.666957855225 0.224718019366 -0.12630373 -0.6763842
1637157906.21 -0.385944634676 0.666798353195 0.189073115587 -0.12630373 -0.6763842
1637157908.22 -0.492219746113 0.641709268093 0.215620785952 -0.12630373 -0.6763842
1637157928.76 -0.0342908538878 0.676466882229 1.6447198391 0.16369103 0.7986352
1637157946.62 -0.199243560433 0.679163992405 1.64715337753 0.16369103 0.7986352
1637157959.52 -0.124913349748 0.708241164684 1.64565074444 0.16369103 0.7986352
1637157987.77 0.0354303233325 0.679355621338 1.68907213211 0.16369103 0.7986352
1637158008.26 -0.0675831884146 0.620693266392 1.73552823067 0.16369103 0.7986352
1637158017.72 0.0165221244097 0.665773332119 1.67442512512 0.16369103 0.7986352
1637158019.73 -0.105349823833 0.623933494091 1.66656768322 0.16369103 0.7986352
1637158043.59 0.0360095724463 0.657594382763 1.66859853268 0.16369103 0.7986352
1637158056.23 -0.0626217126846 0.684231281281 1.66967773438 0.16369103 0.7986352
1637158058.25 -0.106285192072 0.638946533203 1.66785168648 0.16369103 0.7986352
1637158077.03 -0.193171426654 0.691634595394 1.1143475771 0.127964 0.2105349
1637158079.04 -0.104669004679 0.650063872337 1.00636351109 0.127964 0.2105349
1637158096.15 -0.130404278636 0.695777654648 1.15605485439 0.127964 0.2105349
1637158160.94 -0.103420987725 0.671892225742 1.1171400547 0.127964 0.2105349
1637158188.47 -0.0884348154068 0.658345997334 1.13377296925 0.127964 0.2105349
1637158200.98 -0.0722659602761 0.626576721668 1.24721217155 0.127964 0.2105349
1637158217.98 -0.0792950540781 0.6874371171 1.08651053905 0.127964 0.2105349
1637158252.68 -0.197292774916 0.6518034935 1.21565151215 0.127964 0.2105349
1637158255.39 -0.173682063818 0.666285634041 1.11904633045 0.127964 0.2105349
1637158304.67 -0.163259848952 0.674828648567 1.03204643726 0.127964 0.2105349
1637158323.0 -0.554814577103 0.699556529522 1.38011753559 -0.3131412 0.42881373
1637158337.21 -0.495060265064 0.673557639122 1.34330463409 -0.3131412 0.42881373
1637158346.43 -0.496228039265 0.665626347065 1.36289453506 -0.3131412 0.42881373
1637158410.7 -0.523337483406 0.674665689468 1.29396176338 -0.3131412 0.42881373
1637158419.04 -0.565840065479 0.620917856693 1.28005027771 -0.3131412 0.42881373
1637158421.29 -0.515218853951 0.62843644619 1.29360699654 -0.3131412 0.42881373
1637158459.76 -0.581365704536 0.679190039635 1.27488851547 -0.3131412 0.42881373
1637158461.77 -0.560072183609 0.677779138088 1.30158138275 -0.3131412 0.42881373
1637158477.07 -0.560127913952 0.697863280773 1.38955354691 -0.3131412 0.42881373
1637158507.51 -0.611464440823 0.62725520134 1.28112196922 -0.3131412 0.42881373
1637158520.37 -0.0773777589202 0.682398557663 1.43419587612 0.13871323 0.562054
1637158595.31 -0.164676621556 0.668390572071 1.47427129745 0.13871323 0.562054
1637158619.13 -0.107469171286 0.663745522499 1.52482700348 0.13871323 0.562054
1637158684.54 -0.100562304258 0.650277733803 1.44673228264 0.13871323 0.562054
1637158701.37 -0.0446043498814 0.679614186287 1.47456037998 0.13871323 0.562054
1637158703.39 -0.151955828071 0.668117463589 1.32564878464 0.13871323 0.562054
1637158735.17 -0.0523981526494 0.67110991478 1.49270117283 0.13871323 0.562054
1637158797.61 -0.129880458117 0.653556764126 1.49714338779 0.13871323 0.562054
1637158801.76 -0.0608084015548 0.678771495819 1.45675218105 0.13871323 0.562054
1637158816.83 -0.0351243317127 0.671056687832 1.45264220238 0.13871323 0.562054
1637158836.58 -0.290238380432 0.686693906784 0.768162190914 0.0020196165 -0.12590772
1637158882.28 -0.327022969723 0.676159262657 0.784573435783 0.0020196165 -0.12590772
1637158901.6 -0.209677934647 0.679741322994 0.752661883831 0.0020196165 -0.12590772
1637158921.31 -0.239978656173 0.681930661201 0.733792126179 0.0020196165 -0.12590772
1637158940.38 -0.265386372805 0.694951236248 0.74481087923 0.0020196165 -0.12590772
1637158958.11 -0.295915216208 0.679777860641 0.650133669376 0.0020196165 -0.12590772
1637158964.67 -0.194232910872 0.663961946964 0.792827785015 0.0020196165 -0.12590772
1637158987.64 -0.274637639523 0.678112626076 0.749882876873 0.0020196165 -0.12590772
1637159005.87 -0.295014202595 0.683888137341 0.76262396574 0.0020196165 -0.12590772
1637159033.87 -0.346975296736 0.669444620609 0.849177658558 0.0020196165 -0.12590772
1637159051.11 -0.0303007997572 0.668124377728 1.39751768112 0.1698678 0.47944444
1637159062.3 0.0149046052247 0.672315716743 1.35901415348 0.1698678 0.47944444
1637159064.68 -0.0867508947849 0.705999791622 1.3393228054 0.1698678 0.47944444
1637159089.92 -0.137470677495 0.661734998226 1.46673488617 0.1698678 0.47944444
1637159099.55 -0.0971193760633 0.669675052166 1.37241721153 0.1698678 0.47944444
1637159105.29 -0.0634961873293 0.652740180492 1.34532940388 0.1698678 0.47944444
1637159107.3 -0.0534671284258 0.648545444012 1.3158711195 0.1698678 0.47944444
1637159125.98 -0.0736024007201 0.633121073246 1.40687966347 0.1698678 0.47944444
1637159146.24 -0.0574686229229 0.65237569809 1.38007938862 0.1698678 0.47944444
1637159169.11 -0.0546098761261 0.648205578327 1.49749135971 0.1698678 0.47944444
