1648470432.07 -0.411615937948 0.70615696907 0.450050890446 -0.17744917 -0.52422565
1648470439.53 -0.49608361721 0.715495646 0.468444913626 -0.17744917 -0.52422565
1648470457.19 -0.40657800436 0.728771269321 0.471564620733 -0.17744917 -0.52422565
1648470459.21 -0.430992007256 0.72781085968 0.488272815943 -0.17744917 -0.52422565
1648470490.67 -0.376250892878 0.708887636662 0.447940856218 -0.17744917 -0.52422565
1648470492.68 -0.326485663652 0.714436531067 0.487665444613 -0.17744917 -0.52422565
1648470522.36 -0.392121464014 0.710462212563 0.496405303478 -0.17744917 -0.52422565
1648470543.27 -0.422968834639 0.653061270714 0.346141278744 -0.17744917 -0.52422565
1648470545.28 -0.453801810741 0.691700279713 0.496360808611 -0.17744917 -0.52422565
1648470569.22 -0.290717422962 0.704711079597 0.410218060017 -0.17744917 -0.52422565
1648470637.08 -0.338399648666 0.73182451725 1.5163038969 -0.040578596 0.5793233
1648470639.09 -0.307545304298 0.721800625324 1.58770513535 -0.040578596 0.5793233
1648470654.02 -0.28396832943 0.649613261223 1.59261775017 -0.040578596 0.5793233
1648470656.03 -0.286455214024 0.734414875507 1.60723757744 -0.040578596 0.5793233
1648470679.86 -0.278277039528 0.704171776772 1.57730352879 -0.040578596 0.5793233
1648470681.87 -0.293030589819 0.724935054779 1.60821068287 -0.040578596 0.5793233
1648470715.24 -0.325544893742 0.718106329441 1.57829558849 -0.040578596 0.5793233
1648470717.25 -0.303818374872 0.731284677982 1.61605262756 -0.040578596 0.5793233
1648470722.06 -0.247673779726 0.674241304398 1.57674622536 -0.040578596 0.5793233
1648470733.34 -0.361636996269 0.707987606525 1.53370761871 -0.040578596 0.5793233
1648470751.97 -0.121807165444 0.649535477161 0.914574563503 0.09026949 -0.048995152
1648470753.98 -0.268015265465 0.690716147423 0.954296171665 0.09026949 -0.048995152
1648470774.66 -0.190301671624 0.685723125935 0.951553285122 0.09026949 -0.048995152
1648470776.67 -0.211916282773 0.699328541756 0.940624296665 0.09026949 -0.048995152
1648470792.97 -0.180643886328 0.717634618282 0.906730890274 0.09026949 -0.048995152
1648470794.99 -0.110521495342 0.719321191311 0.944070696831 0.09026949 -0.048995152
1648470812.57 -0.155753910542 0.707579493523 0.992651939392 0.09026949 -0.048995152
1648470840.57 -0.143038421869 0.631881833076 0.927687883377 0.09026949 -0.048995152
1648470849.69 -0.129084616899 0.665268182755 0.956042170525 0.09026949 -0.048995152
1648470851.7 -0.0847751647234 0.679392158985 0.905163943768 0.09026949 -0.048995152
1648470948.73 -0.511299848557 0.716246187687 1.63315868378 -0.33227104 0.65838677
1648471030.27 -0.601385951042 0.621487140656 1.63242828846 -0.33227104 0.65838677
1648471070.73 -0.532214224339 0.673191249371 1.61160159111 -0.33227104 0.65838677
1648471073.4 -0.592502236366 0.682995557785 1.72296965122 -0.33227104 0.65838677
1648471123.51 -0.533686041832 0.706216096878 1.64384114742 -0.33227104 0.65838677
1648471155.02 -0.543680489063 0.68504679203 1.6944963932 -0.33227104 0.65838677
1648471178.67 -0.532594025135 0.667433977127 1.66276049614 -0.33227104 0.65838677
1648471180.68 -0.628427743912 0.715904474258 1.64698338509 -0.33227104 0.65838677
1648471183.12 -0.607669174671 0.713701248169 1.63729989529 -0.33227104 0.65838677
1648471253.8 -0.626195311546 0.702039301395 1.62961041927 -0.33227104 0.65838677
1648471267.11 -0.154689878225 0.719550490379 0.517987847328 0.12554899 -0.41444945
1648471279.84 -0.200843304396 0.681394338608 0.458614528179 0.12554899 -0.41444945
1648471285.97 -0.0790555402637 0.694913446903 0.543407976627 0.12554899 -0.41444945
1648471287.98 -0.0975503101945 0.72020471096 0.53931748867 0.12554899 -0.41444945
1648471302.36 -0.120272368193 0.701739311218 0.555293679237 0.12554899 -0.41444945
1648471304.38 -0.207970246673 0.727000057697 0.481699436903 0.12554899 -0.41444945
1648471329.63 -0.161266371608 0.698841631413 0.513212323189 0.12554899 -0.41444945
1648471331.65 -0.196661442518 0.71557700634 0.511309444904 0.12554899 -0.41444945
1648471340.83 -0.188125833869 0.7180519104 0.527378797531 0.12554899 -0.41444945
1648471342.84 -0.228844806552 0.722795367241 0.551662802696 0.12554899 -0.41444945
1648471384.31 -0.402166068554 0.675880253315 1.23984253407 -0.10630137 0.2600414
1648471386.31 -0.382025122643 0.722566306591 1.19915282726 -0.10630137 0.2600414
1648471396.54 -0.339574456215 0.700624108315 1.21698880196 -0.10630137 0.2600414
1648471398.56 -0.348030567169 0.710516810417 1.19893598557 -0.10630137 0.2600414
1648471423.28 -0.330406397581 0.688120961189 1.21999633312 -0.10630137 0.2600414
1648471441.8 -0.269222795963 0.638362288475 1.17055583 -0.10630137 0.2600414
1648471456.96 -0.348427802324 0.740128815174 1.20536828041 -0.10630137 0.2600414
1648471488.15 -0.343123912811 0.673290014267 1.34548425674 -0.10630137 0.2600414
1648471493.42 -0.361131697893 0.694656431675 1.24957025051 -0.10630137 0.2600414
1648471522.66 -0.385528206825 0.676834821701 1.18365466595 -0.10630137 0.2600414
1648471571.34 -0.156139910221 0.692831754684 1.57755494118 0.08610988 0.6339199
1648471634.67 -0.187268286943 0.698912620544 1.6265450716 0.08610988 0.6339199
1648471636.67 -0.165612027049 0.725045263767 1.58088123798 0.08610988 0.6339199
1648471669.57 -0.213825002313 0.70628786087 1.62622773647 0.08610988 0.6339199
1648471698.77 -0.149850785732 0.701131701469 1.60143887997 0.08610988 0.6339199
1648471718.68 -0.2551471591 0.636597275734 1.54089570045 0.08610988 0.6339199
1648471741.08 -0.200029686093 0.7097838521 1.62162983418 0.08610988 0.6339199
1648471743.09 -0.19119438529 0.729694187641 1.73314976692 0.08610988 0.6339199
1648471751.17 -0.191374987364 0.667349636555 1.64216125011 0.08610988 0.6339199
1648471841.3 -0.147399514914 0.707144021988 1.57692277431 0.08610988 0.6339199
1648471855.84 0.00512903928757 0.719221353531 0.479793429375 0.30336627 -0.4742931
1648471869.53 -0.0227002799511 0.70300579071 0.461146384478 0.30336627 -0.4742931
1648471879.25 0.0470268018544 0.702606678009 0.540613949299 0.30336627 -0.4742931
1648471881.26 -0.00573282502592 0.708355724812 0.518642187119 0.30336627 -0.4742931
1648471900.85 0.0569534860551 0.678604543209 0.560250937939 0.30336627 -0.4742931
1648471916.64 0.0613341554999 0.673766553402 0.557373642921 0.30336627 -0.4742931
1648471918.65 -0.00891186669469 0.712918519974 0.483978867531 0.30336627 -0.4742931
1648471928.85 0.0228097513318 0.633914470673 0.604242563248 0.30336627 -0.4742931
1648471950.86 0.032116945833 0.701722443104 0.551217079163 0.30336627 -0.4742931
1648471952.87 -0.012525498867 0.678787946701 0.455667167902 0.30336627 -0.4742931
1648471963.92 -0.33771315217 0.707805156708 0.565055668354 -0.08468935 -0.35720354
1648471965.94 -0.374629080296 0.691872000694 0.523988842964 -0.08468935 -0.35720354
1648471996.68 -0.354694455862 0.728856742382 0.592891573906 -0.08468935 -0.35720354
1648471998.7 -0.39032638073 0.702558577061 0.589366912842 -0.08468935 -0.35720354
1648472022.66 -0.330607533455 0.720376372337 0.587473034859 -0.08468935 -0.35720354
1648472028.4 -0.43497133255 0.67623847723 0.519032299519 -0.08468935 -0.35720354
1648472041.06 -0.330517053604 0.706130623817 0.594695389271 -0.08468935 -0.35720354
1648472043.06 -0.357303678989 0.719831585884 0.606535792351 -0.08468935 -0.35720354
1648472045.07 -0.388897299767 0.664509892464 0.592741072178 -0.08468935 -0.35720354
1648472130.65 -0.301366269588 0.681255102158 0.590306341648 -0.08468935 -0.35720354
1648472204.12 -0.370818525553 0.706429898739 1.48750913143 -0.14157937 0.52447623
1648472218.52 -0.432813763618 0.658738553524 1.36183273792 -0.14157937 0.52447623
1648472248.78 -0.415860980749 0.725254416466 1.50320255756 -0.14157937 0.52447623
1648472250.79 -0.464753657579 0.627531528473 1.43595194817 -0.14157937 0.52447623
