1648470430.66 -0.357975721359 0.53191781044 0.48694217205 -0.17744917 -0.52422565 0.0130000114441
1648470430.67 -0.35854485631 0.536877691746 0.482180118561 -0.17744917 -0.52422565 0.00600004196167
1648470430.88 -0.360199898481 0.554039478302 0.425983935595 -0.17744917 -0.52422565 0.200999975204
1648470430.9 -0.358733981848 0.558800876141 0.421788096428 -0.17744917 -0.52422565 0.0169999599457
1648470432.81 -0.530266404152 0.469282776117 0.340962737799 -0.17744917 -0.52422565 1.35500001907
1648470440.41 -0.421604275703 0.706064403057 0.380326747894 -0.17744917 -0.52422565 2.67599987984
1648470442.03 -0.477432578802 0.454966634512 0.517118990421 -0.17744917 -0.52422565 0.725999832153
1648470442.23 -0.501788675785 0.448256850243 0.496239989996 -0.17744917 -0.52422565 0.0090000629425
1648470443.9 -0.482497304678 0.457068443298 0.513585984707 -0.17744917 -0.52422565 1.60299992561
1648470443.93 -0.484282582998 0.454478383064 0.507119655609 -0.17744917 -0.52422565 0.0170001983643
1648470443.94 -0.486240327358 0.453917980194 0.50890737772 -0.17744917 -0.52422565 0.0090000629425
1648470447.85 -0.414691537619 0.442226916552 0.53498262167 -0.17744917 -0.52422565 0.0279998779297
1648470448.15 -0.379138380289 0.442962855101 0.510986864567 -0.17744917 -0.52422565 0.291999816895
1648470455.34 -0.354680150747 0.5526252985 0.467820107937 -0.17744917 -0.52422565 0.0510001182556
1648470455.55 -0.360857069492 0.569189965725 0.421763658524 -0.17744917 -0.52422565 0.201000213623
1648470459.22 -0.459438443184 0.710815668106 0.527830183506 -0.17744917 -0.52422565 2.53400015831
1648470462.82 -0.510234117508 0.456406384706 0.447501540184 -0.17744917 -0.52422565 1.39800000191
1648470463.99 -0.512526929379 0.451822042465 0.448939114809 -0.17744917 -0.52422565 0.00799989700317
1648470464.75 -0.354220837355 0.44478648901 0.442901194096 -0.17744917 -0.52422565 0.574000120163
1648470489.24 -0.414953172207 0.544180572033 0.379517138004 -0.17744917 -0.52422565 0.43799996376
1648470492.69 -0.326485663652 0.714436531067 0.487665444613 -0.17744917 -0.52422565 2.52900004387
1648470521.73 -0.353066295385 0.726502478123 0.451945662498 -0.17744917 -0.52422565 0.356000185013
1648470524.21 -0.377038359642 0.698174476624 0.596055209637 -0.17744917 -0.52422565 2.34800004959
1648470525.98 -0.261811137199 0.437230944633 0.571754455566 -0.17744917 -0.52422565 0.0170001983643
1648470526.34 -0.273204982281 0.441545069218 0.49559673667 -0.17744917 -0.52422565 0.0840001106262
1648470542.23 -0.345217436552 0.558546960354 0.327975153923 -0.17744917 -0.52422565 1.3180000782
1648470543.28 -0.429075181484 0.653727293015 0.348027676344 -0.17744917 -0.52422565 0.516000032425
1648470545.85 -0.458981901407 0.448976516724 0.60786986351 -0.17744917 -0.52422565 2.32500004768
1648470567.43 -0.273332834244 0.706845283508 0.418062090874 -0.17744917 -0.52422565 0.226000070572
1648470567.7 -0.281836986542 0.709332942963 0.423879444599 -0.17744917 -0.52422565 0.259000062943
1648470567.8 -0.285039722919 0.709811151028 0.41568890214 -0.17744917 -0.52422565 0.0839998722076
1648470567.82 -0.283197909594 0.712436795235 0.415863871574 -0.17744917 -0.52422565 0.0160000324249
1648470568.7 -0.286073863506 0.711297512054 0.408916711807 -0.17744917 -0.52422565 0.0090000629425
1648470569.23 -0.290623903275 0.70508980751 0.41034129262 -0.040578596 0.5793233 0.516999959946
1648470588.84 -0.271895080805 0.561521530151 1.48256754875 -0.040578596 0.5793233 0.750999927521
1648470640.17 -0.257892370224 0.69815325737 1.48744452 -0.040578596 0.5793233 3.98799991608
1648470650.32 -0.326428562403 0.707271516323 1.52028822899 -0.040578596 0.5793233 0.0950000286102
1648470650.6 -0.15062469244 0.636488676071 1.50261116028 -0.040578596 0.5793233 0.272000074387
1648470650.62 -0.141892135143 0.649248719215 1.49447822571 -0.040578596 0.5793233 0.0090000629425
1648470650.69 -0.143979400396 0.650044441223 1.50252795219 -0.040578596 0.5793233 0.0590000152588
1648470651.05 -0.279261171818 0.728598833084 1.54829967022 -0.040578596 0.5793233 0.341000080109
1648470651.07 -0.145394325256 0.625761628151 1.48965930939 -0.040578596 0.5793233 0.00599980354309
1648470651.1 -0.139136463404 0.639063060284 1.48324108124 -0.040578596 0.5793233 0.0220000743866
1648470651.62 -0.214221388102 0.73408550024 1.53505074978 -0.040578596 0.5793233 0.506000041962
1648470652.21 -0.330385118723 0.549865245819 1.49500012398 -0.040578596 0.5793233 0.303999900818
1648470654.6 -0.272769719362 0.643270075321 1.70846319199 -0.040578596 0.5793233 1.09200000763
1648470656.3 -0.279175013304 0.721755862236 1.63445174694 -0.040578596 0.5793233 1.30900001526
1648470682.53 -0.235015749931 0.645030796528 1.61679255962 -0.040578596 0.5793233 3.81700015068
1648470687.42 -0.332780510187 0.450101345778 1.48818564415 -0.040578596 0.5793233 0.43700003624
1648470714.3 -0.361676394939 0.562898099422 1.56338429451 -0.040578596 0.5793233 0.0249998569489
1648470714.35 -0.361348897219 0.561933815479 1.57871055603 -0.040578596 0.5793233 0.0419998168945
1648470717.44 -0.249392405152 0.641864180565 1.62486577034 -0.040578596 0.5793233 2.72900009155
1648470717.9 -0.210981488228 0.444947302341 1.56582558155 -0.040578596 0.5793233 0.358000040054
1648470722.57 -0.210558339953 0.543268501759 1.42794287205 -0.040578596 0.5793233 1.01999998093
1648470722.59 -0.208575993776 0.535038173199 1.42551505566 -0.040578596 0.5793233 0.00800013542175
1648470733.35 -0.363270491362 0.707787394524 1.53208303452 0.09026949 -0.048995152 1.31699991226
1648470739.12 -0.0873755216599 0.470841944218 0.907454609871 0.09026949 -0.048995152 0.267999887466
1648470739.2 -0.0813408717513 0.442853361368 0.913338661194 0.09026949 -0.048995152 0.066999912262
1648470750.84 -0.231680899858 0.718915462494 0.903899013996 0.09026949 -0.048995152 0.973000049591
1648470753.99 -0.266926556826 0.690380096436 0.955544471741 0.09026949 -0.048995152 2.52500009537
1648470754.81 -0.154777377844 0.437769591808 0.852833986282 0.09026949 -0.048995152 0.325000047684
1648470773.62 -0.199627369642 0.556580960751 0.992552876472 0.09026949 -0.048995152 0.15499997139
1648470777.43 -0.215882733464 0.69615316391 0.979391694069 0.09026949 -0.048995152 3.31299996376
1648470777.53 -0.218200057745 0.696227550507 0.980035603046 0.09026949 -0.048995152 0.0090000629425
1648470777.64 -0.219003051519 0.700123488903 0.976605832577 0.09026949 -0.048995152 0.0169999599457
1648470778.01 -0.2338976264 0.679867744446 0.984547674656 0.09026949 -0.048995152 0.0090000629425
1648470781.14 -0.0131649971008 0.428514331579 0.957783937454 0.09026949 -0.048995152 0.117000102997
1648470795.14 -0.0896457433701 0.693540096283 0.959539890289 0.09026949 -0.048995152 3.36999988556
1648470804.93 -0.183752506971 0.442954242229 1.00361323357 0.09026949 -0.048995152 0.574000120163
1648470813.02 -0.0292949154973 0.673463821411 1.01041150093 0.09026949 -0.048995152 1.60500001907
1648470816.67 -0.0102999657393 0.435813486576 0.908212482929 0.09026949 -0.048995152 0.175000190735
1648470819.12 -0.301084160805 0.450129151344 0.878118216991 0.09026949 -0.048995152 1.20900011063
1648470833.72 -0.0541136115789 0.474773079157 1.03875553608 0.09026949 -0.048995152 0.0169999599457
1648470834.1 -0.00836184620857 0.546877503395 0.928565740585 0.09026949 -0.048995152 0.367000102997
1648470836.84 -0.00973388552666 0.68900847435 0.943639159203 0.09026949 -0.048995152 0.133999824524
1648470839.2 -0.124333783984 0.47211766243 0.781439244747 0.09026949 -0.048995152 0.608000040054
1648470841.84 -0.111098945141 0.719748437405 0.869549393654 0.09026949 -0.048995152 1.78400015831
1648470842.83 -0.192179426551 0.481982707977 0.861187458038 0.09026949 -0.048995152 0.00800013542175
1648470843.78 -0.0841012150049 0.437263071537 0.951567292213 0.09026949 -0.048995152 0.940999984741
1648470848.76 -0.142049506307 0.704463899136 1.00231897831 0.09026949 -0.048995152 0.987999916077
1648470851.7 -0.0840639621019 0.679544210434 0.904644906521 -0.33227104 0.65838677 2.51699995995
1648470902.6 -0.551100671291 0.452071934938 1.71115958691 -0.33227104 0.65838677 0.713000059128
1648470908.52 -0.538589417934 0.452894032001 1.56972634792 -0.33227104 0.65838677 0.417999982834
1648470947.29 -0.552419662476 0.721717834473 1.5676637888 -0.33227104 0.65838677 1.98399996758
1648470947.73 -0.502655208111 0.673320889473 1.63165950775 -0.33227104 0.65838677 0.219000101089
1648470949.28 -0.426642030478 0.654086053371 1.63686990738 -0.33227104 0.65838677 1.05000019073
1648470976.21 -0.490132600069 0.624711036682 1.51574790478 -0.33227104 0.65838677 0.282999992371
1648470977.74 -0.431483536959 0.589735150337 1.60442256927 -0.33227104 0.65838677 0.174999952316
1648470979.47 -0.46099203825 0.67856413126 1.54253339767 -0.33227104 0.65838677 0.441999912262
1648470979.81 -0.427660793066 0.685515344143 1.6132632494 -0.33227104 0.65838677 0.134000062943
1648470991.44 -0.54532456398 0.462528467178 1.49160444736 -0.33227104 0.65838677 1.24199986458
1648471028.69 -0.590167939663 0.682870566845 1.55569493771 -0.33227104 0.65838677 0.519999980927
1648471030.77 -0.637213468552 0.729999601841 1.59232866764 -0.33227104 0.65838677 1.40000009537
1648471031.19 -0.624035477638 0.668515622616 1.57748663425 -0.33227104 0.65838677 0.108999967575
1648471069.61 -0.459597676992 0.644368648529 1.50038444996 -0.33227104 0.65838677 0.050999879837
1648471069.65 -0.601269245148 0.725192785263 1.56410467625 -0.33227104 0.65838677 0.0260000228882
1648471071.34 -0.502338767052 0.484478980303 1.76995623112 -0.33227104 0.65838677 1.12000012398
1648471071.38 -0.501892149448 0.4857006073 1.77253031731 -0.33227104 0.65838677 0.0169999599457
1648471072.43 -0.567389965057 0.494149684906 1.7900646925 -0.33227104 0.65838677 0.0090000629425
1648471073.41 -0.593030452728 0.682250857353 1.722458601 -0.33227104 0.65838677 0.641999959946
1648471074.93 -0.549122214317 0.480043888092 1.56830143929 -0.33227104 0.65838677 0.307000160217
1648471110.96 -0.549404740334 0.458125472069 1.56872034073 -0.33227104 0.65838677 0.066999912262
1648471111.41 -0.53043782711 0.452433645725 1.57974672318 -0.33227104 0.65838677 0.208999872208
1648471112.01 -0.522447943687 0.464204877615 1.58528876305 -0.33227104 0.65838677 0.500999927521
1648471112.16 -0.516057133675 0.460533022881 1.5920650959 -0.33227104 0.65838677 0.00799989700317
1648471112.17 -0.516541361809 0.462505549192 1.59433341026 -0.33227104 0.65838677 0.00800013542175
1648471113.6 -0.553753316402 0.463050127029 1.70993542671 -0.33227104 0.65838677 1.37199997902
1648471113.64 -0.55791079998 0.464854419231 1.71078014374 -0.33227104 0.65838677 0.0260000228882
1648471113.67 -0.558968365192 0.465120345354 1.71220755577 -0.33227104 0.65838677 0.0159997940063
1648471113.89 -0.552640795708 0.47504144907 1.71010732651 -0.33227104 0.65838677 0.207999944687
1648471114.44 -0.546885669231 0.481541484594 1.7074753046 -0.33227104 0.65838677 0.0350000858307
1648471114.86 -0.52187871933 0.469939380884 1.68993258476 -0.33227104 0.65838677 0.407999992371
1648471124.83 -0.430562585592 0.698000371456 1.60493028164 -0.33227104 0.65838677 2.28400015831
1648471155.11 -0.534361243248 0.694053888321 1.7025860548 -0.33227104 0.65838677 1.15000009537
1648471158.76 -0.505262196064 0.643425643444 1.61155104637 -0.33227104 0.65838677 0.207999944687
1648471159.4 -0.528715491295 0.681574523449 1.57742094994 -0.33227104 0.65838677 0.25200009346
1648471159.46 -0.526809632778 0.682316064835 1.58338117599 -0.33227104 0.65838677 0.0500001907349
1648471159.61 -0.527699708939 0.705429911613 1.57681977749 -0.33227104 0.65838677 0.0349998474121
1648471159.66 -0.527145028114 0.705676913261 1.5810624361 -0.33227104 0.65838677 0.0419998168945
1648471160.14 -0.502731204033 0.753884017467 1.58979427814 -0.33227104 0.65838677 0.0190000534058
1648471160.26 -0.509714305401 0.745625555515 1.59416556358 -0.33227104 0.65838677 0.066999912262
1648471160.31 -0.503388047218 0.728385865688 1.61937236786 -0.33227104 0.65838677 0.0420000553131
1648471161.85 -0.513475298882 0.472115427256 1.59872126579 -0.33227104 0.65838677 0.0780000686646
1648471173.8 -0.522540450096 0.700421452522 1.58167815208 -0.33227104 0.65838677 0.569000005722
1648471173.83 -0.520740032196 0.704041779041 1.58875286579 -0.33227104 0.65838677 0.0090000629425
1648471176.45 -0.509393632412 0.646390080452 1.67658805847 -0.33227104 0.65838677 0.43700003624
1648471181.02 -0.520481348038 0.679113984108 1.57423365116 -0.33227104 0.65838677 3.03399991989
1648471181.04 -0.522348105907 0.67884850502 1.57179749012 -0.33227104 0.65838677 0.00899982452393
1648471181.11 -0.529480576515 0.67066514492 1.56083536148 -0.33227104 0.65838677 0.0169999599457
1648471182.33 -0.444123268127 0.652859330177 1.68697345257 -0.33227104 0.65838677 0.860000133514
1648471183.71 -0.509666621685 0.490373075008 1.50490403175 -0.33227104 0.65838677 1.09200000763
1648471198.83 -0.547137737274 0.461806863546 1.49146437645 -0.33227104 0.65838677 0.00899982452393
1648471198.96 -0.552013039589 0.614619135857 1.41058862209 -0.33227104 0.65838677 0.125
1648471201.45 -0.48971542716 0.473687887192 1.51690304279 -0.33227104 0.65838677 2.48399996758
1648471203.32 -0.441359758377 0.4603330791 1.57101118565 -0.33227104 0.65838677 1.03299999237
1648471251.65 -0.504144430161 0.456574201584 1.66410601139 -0.33227104 0.65838677 0.161000013351
1648471253.81 -0.626459479332 0.701095938683 1.62814223766 0.12554899 -0.41444945 0.516999959946
1648471266.4 -0.163590341806 0.657737374306 0.496247708797 0.12554899 -0.41444945 0.576000213623
1648471267.91 -0.277147293091 0.471471309662 0.599083304405 0.12554899 -0.41444945 1.31299996376
1648471279.85 -0.201524958014 0.683021485806 0.460633486509 0.12554899 -0.41444945 0.567999839783
1648471282.3 -0.15299256146 0.60806953907 0.491205990314 0.12554899 -0.41444945 0.00600004196167
1648471282.99 -0.0638712272048 0.440230846405 0.609931766987 0.12554899 -0.41444945 0.682000160217
1648471285.26 -0.0783020555973 0.577890396118 0.501844704151 0.12554899 -0.41444945 0.00499987602234
1648471289.22 -0.057335793972 0.704910635948 0.531564474106 0.12554899 -0.41444945 3.93400001526
1648471301.69 -0.0506445243955 0.565610766411 0.572861015797 0.12554899 -0.41444945 0.396000146866
1648471304.38 -0.206275075674 0.728417873383 0.481723666191 0.12554899 -0.41444945 2.59200000763
1648471331.65 -0.195864453912 0.715336382389 0.511163711548 0.12554899 -0.41444945 3.2539999485
1648471332.23 -0.106062203646 0.435505151749 0.636376082897 0.12554899 -0.41444945 0.407999992371
1648471342.85 -0.229294642806 0.723874211311 0.551530003548 -0.10630137 0.2600414 3.19599986076
1648471386.61 -0.428639262915 0.64086073637 1.22994959354 -0.10630137 0.2600414 3.56599998474
1648471391.86 -0.384565412998 0.442054688931 1.30801928043 -0.10630137 0.2600414 0.101999998093
1648471391.88 -0.374353677034 0.444979786873 1.3210695982 -0.10630137 0.2600414 0.0159997940063
1648471391.96 -0.359392672777 0.444073230028 1.31609332561 -0.10630137 0.2600414 0.0300002098083
1648471392.03 -0.318817615509 0.444752186537 1.31007564068 -0.10630137 0.2600414 0.066999912262
1648471392.05 -0.338418662548 0.447603821754 1.32462000847 -0.10630137 0.2600414 0.00600004196167
1648471392.12 -0.32791146636 0.443917512894 1.32198190689 -0.10630137 0.2600414 0.0529999732971
1648471394.39 -0.254695028067 0.623224079609 1.31781923771 -0.10630137 0.2600414 0.0090000629425
1648471398.86 -0.419824182987 0.583190083504 1.20080506802 -0.10630137 0.2600414 2.82299995422
1648471398.93 -0.429873555899 0.520733773708 1.25248456001 -0.10630137 0.2600414 0.0590000152588
1648471423.72 -0.279394984245 0.507056057453 1.1019231081 -0.10630137 0.2600414 1.60899996758
1648471435.32 -0.381306052208 0.444756031036 1.08975613117 -0.10630137 0.2600414 0.00800013542175
1648471436.29 -0.203284680843 0.442371815443 1.21819424629 -0.10630137 0.2600414 0.934000015259
1648471437.29 -0.287327528 0.561844944954 1.37713563442 -0.10630137 0.2600414 0.00799989700317
1648471437.53 -0.349595934153 0.506789803505 1.3891723156 -0.10630137 0.2600414 0.217000007629
1648471439.16 -0.233917087317 0.440612256527 1.39671683311 -0.10630137 0.2600414 1.31599998474
1648471441.81 -0.267146319151 0.63933634758 1.17061889172 -0.10630137 0.2600414 1.67500019073
1648471443.8 -0.324034273624 0.623638749123 1.16877257824 -0.10630137 0.2600414 0.485999822617
1648471444.02 -0.356577336788 0.469218075275 1.16140663624 -0.10630137 0.2600414 0.0789999961853
1648471444.05 -0.367374747992 0.462634921074 1.16087508202 -0.10630137 0.2600414 0.0170001983643
1648471454.33 -0.333031892776 0.700614690781 1.16659677029 -0.10630137 0.2600414 0.677000045776
1648471454.72 -0.303551614285 0.723024845123 1.17814147472 -0.10630137 0.2600414 0.382999897003
1648471456.27 -0.379781842232 0.680282473564 1.16647171974 -0.10630137 0.2600414 0.251999855042
1648471456.37 -0.400685071945 0.666358888149 1.17900323868 -0.10630137 0.2600414 0.0310001373291
1648471456.39 -0.402656704187 0.665920615196 1.1809271574 -0.10630137 0.2600414 0.00799989700317
1648471456.43 -0.404361903667 0.670944988728 1.1777780056 -0.10630137 0.2600414 0.0090000629425
1648471458.21 -0.287781089544 0.737191557884 1.10418701172 -0.10630137 0.2600414 1.75500011444
1648471459.24 -0.232479065657 0.671207308769 1.1509988308 -0.10630137 0.2600414 0.491999864578
1648471488.16 -0.344567298889 0.674981713295 1.34538257122 -0.10630137 0.2600414 0.516999959946
1648471492.44 -0.360901534557 0.467786669731 1.1609057188 -0.10630137 0.2600414 0.786999940872
1648471495.02 -0.202220201492 0.661753475666 1.22649788857 -0.10630137 0.2600414 2.09699988365
1648471520.91 -0.420814812183 0.446664214134 1.10009610653 -0.10630137 0.2600414 0.0090000629425
1648471521.64 -0.260826796293 0.544708430767 1.35689675808 -0.10630137 0.2600414 0.717000007629
1648471522.67 -0.385430365801 0.676272690296 1.1831561327 0.08610988 0.6339199 0.910000085831
1648471571.93 -0.233963802457 0.677740454674 1.47988331318 0.08610988 0.6339199 1.70399999619
1648471637.51 -0.0913618654013 0.492574870586 1.47156357765 0.08610988 0.6339199 4.10800004005
1648471670.04 -0.23505795002 0.702412426472 1.61723458767 0.08610988 0.6339199 2.45900011063
1648471672.15 -0.224415481091 0.616530001163 1.65344786644 0.08610988 0.6339199 0.413000106812
1648471672.82 -0.187178120017 0.47411864996 1.76455318928 0.08610988 0.6339199 0.029000043869
1648471697.98 -0.100910075009 0.575119376183 1.65952301025 0.08610988 0.6339199 0.220999956131
1648471699.43 -0.103954836726 0.495581120253 1.47207736969 0.08610988 0.6339199 1.17100000381
1648471715.43 -0.0778544172645 0.594162166119 1.48263144493 0.08610988 0.6339199 0.417000055313
1648471718.68 -0.255937874317 0.633781015873 1.53668129444 0.08610988 0.6339199 1.40900015831
1648471741.69 -0.170648232102 0.554972290993 1.7638297081 0.08610988 0.6339199 1.1130001545
1648471743.1 -0.19119438529 0.729694187641 1.73314976692 0.08610988 0.6339199 1.03399991989
1648471753.3 -0.240095958114 0.475925117731 1.73830771446 0.08610988 0.6339199 3.18499994278
1648471836.57 -0.103732332587 0.457195937634 1.55912852287 0.08610988 0.6339199 0.0840001106262
1648471836.84 -0.181609496474 0.447095870972 1.53634309769 0.08610988 0.6339199 0.195999860764
1648471839.54 -0.0942226722836 0.557881355286 1.64888906479 0.08610988 0.6339199 0.0090000629425
1648471841.31 -0.153122976422 0.707146942616 1.57394719124 0.30336627 -0.4742931 0.512000083923
1648471849.98 -0.0232684053481 0.437099456787 0.482948035002 0.30336627 -0.4742931 0.510000228882
1648471850.0 -0.0314035601914 0.439378380775 0.480979382992 0.30336627 -0.4742931 0.00799989700317
1648471856.84 0.0826418250799 0.431361228228 0.652071654797 0.30336627 -0.4742931 1.49699997902
1648471868.17 -0.103228986263 0.43913859129 0.500786006451 0.30336627 -0.4742931 0.30999994278
1648471869.54 -0.0234500691295 0.703060507774 0.461008191109 0.30336627 -0.4742931 1.34100008011
1648471870.21 -0.0119393989444 0.705434978008 0.460285842419 0.30336627 -0.4742931 0.0169999599457
1648471870.25 -0.0130092576146 0.704989254475 0.459056913853 0.30336627 -0.4742931 0.0160000324249
1648471870.29 -0.0145081281662 0.705237865448 0.459603428841 0.30336627 -0.4742931 0.00800013542175
1648471881.41 -0.0229284949601 0.574044883251 0.482779473066 0.30336627 -0.4742931 3.2009999752
1648471898.16 -0.0261325594038 0.442271113396 0.5251480937 0.30336627 -0.4742931 0.00799989700317
1648471899.07 -0.0211363807321 0.69778418541 0.48217317462 0.30336627 -0.4742931 0.900000095367
1648471899.9 -0.0240757390857 0.718982338905 0.500118494034 0.30336627 -0.4742931 0.334000110626
1648471902.79 0.0994099825621 0.465948313475 0.644802212715 0.30336627 -0.4742931 2.45399999619
1648471917.43 0.0112387686968 0.582142531872 0.438663065434 0.30336627 -0.4742931 1.95799994469
1648471919.49 -0.0795114785433 0.488292962313 0.425967872143 0.30336627 -0.4742931 1.92499995232
1648471928.86 0.0229880996048 0.633518576622 0.601648449898 0.30336627 -0.4742931 1.05099987984
1648471930.39 0.0171641856432 0.702982068062 0.569266319275 0.30336627 -0.4742931 0.720999956131
1648471931.55 0.0793549716473 0.439429342747 0.429966419935 0.30336627 -0.4742931 0.655000209808
1648471952.88 -0.00680794194341 0.674798309803 0.452679038048 -0.08468935 -0.35720354 3.04999995232
1648471962.7 -0.311959981918 0.500365376472 0.548938035965 -0.08468935 -0.35720354 0.0120000839233
1648471964.74 -0.34484398365 0.710690140724 0.471645534039 -0.08468935 -0.35720354 2.03700017929
1648471965.18 -0.364234834909 0.714613139629 0.47344532609 -0.08468935 -0.35720354 0.0090000629425
1648471965.95 -0.374484241009 0.691658854485 0.524123966694 -0.08468935 -0.35720354 0.516999959946
1648471995.55 -0.35083925724 0.558970689774 0.547240316868 -0.08468935 -0.35720354 0.56600022316
1648471999.44 -0.257988959551 0.469301968813 0.611723542213 -0.08468935 -0.35720354 3.26299977303
1648471999.51 -0.248700559139 0.458831548691 0.61435431242 -0.08468935 -0.35720354 0.0090000629425
1648472007.98 -0.263269513845 0.454539239407 0.65739440918 -0.08468935 -0.35720354 0.559000015259
1648472026.08 -0.48536619544 0.453602164984 0.596517622471 -0.08468935 -0.35720354 4.77099990845
1648472027.35 -0.422422081232 0.579054951668 0.497357279062 -0.08468935 -0.35720354 0.742000102997
1648472028.41 -0.435505121946 0.677309989929 0.519955575466 -0.08468935 -0.35720354 0.513000011444
1648472045.56 -0.468313604593 0.45312127471 0.545745372772 -0.08468935 -0.35720354 5.71500015259
1648472048.44 -0.18197606504 0.439547866583 0.662625193596 -0.08468935 -0.35720354 1.03299999237
1648472105.36 -0.31791049242 0.464553445578 0.547355294228 -0.08468935 -0.35720354 3.08800005913
1648472105.39 -0.316695779562 0.464389294386 0.54869556427 -0.08468935 -0.35720354 0.0090000629425
1648472105.43 -0.315537452698 0.465049684048 0.54883056879 -0.08468935 -0.35720354 0.0090000629425
1648472105.67 -0.315495610237 0.463921427727 0.549274206161 -0.08468935 -0.35720354 0.0439999103546
1648472105.78 -0.31909391284 0.463608056307 0.547825038433 -0.08468935 -0.35720354 0.0090000629425
1648472105.99 -0.315990179777 0.46389862895 0.549196720123 -0.08468935 -0.35720354 0.0420000553131
1648472108.42 -0.294394761324 0.580432116985 0.558649778366 -0.08468935 -0.35720354 1.94199991226
1648472109.42 -0.388544887304 0.672036707401 0.566471219063 -0.08468935 -0.35720354 0.635999917984
1648472130.66 -0.301366269588 0.681255102158 0.590306341648 -0.14157937 0.52447623 2.0720000267
1648472179.21 -0.337729632854 0.456475973129 1.56063652039 -0.14157937 0.52447623 0.243999958038
1648472205.04 -0.402593463659 0.506840288639 1.35364687443 -0.14157937 0.52447623 1.4319999218
1648472218.53 -0.432876884937 0.65846401453 1.36205971241 -0.14157937 0.52447623 0.517000198364
1648472223.41 -0.314869433641 0.447737038136 1.48085820675 -0.14157937 0.52447623 1.23599982262
1648472226.31 -0.463890820742 0.447759509087 1.49890625477 -0.14157937 0.52447623 0.47000002861
1648472230.55 -0.404892325401 0.447291702032 1.57793605328 -0.14157937 0.52447623 0.0220000743866
1648472231.04 -0.458909064531 0.444841265678 1.53095626831 -0.14157937 0.52447623 0.483999967575
1648472231.08 -0.460853368044 0.441345334053 1.53717267513 -0.14157937 0.52447623 0.0160000324249
1648472231.33 -0.383636474609 0.44915547967 1.58130979538 -0.14157937 0.52447623 0.203999996185
1648472231.43 -0.376159846783 0.448166131973 1.61441993713 -0.14157937 0.52447623 0.029000043869
1648472231.58 -0.351360559464 0.615380108356 1.57131528854 -0.14157937 0.52447623 0.132999897003
1648472233.46 -0.337430804968 0.451414525509 1.55963873863 -0.14157937 0.52447623 0.0629999637604
1648472233.48 -0.324916511774 0.452428162098 1.56134104729 -0.14157937 0.52447623 0.0090000629425
1648472233.79 -0.311327040195 0.447814375162 1.51919806004 -0.14157937 0.52447623 0.279000043869
1648472233.86 -0.295094609261 0.454261183739 1.52002799511 -0.14157937 0.52447623 0.0279998779297
1648472247.16 -0.40723195672 0.65829885006 1.42872738838 -0.14157937 0.52447623 0.970999956131
1648472247.71 -0.418838977814 0.655137717724 1.43356955051 -0.14157937 0.52447623 0.00800013542175
1648472247.77 -0.418317168951 0.666596233845 1.43135094643 -0.14157937 0.52447623 0.0339999198914
1648472248.02 -0.433762907982 0.672950804234 1.44254136086 -0.14157937 0.52447623 0.241999864578
1648472248.05 -0.438658446074 0.672048330307 1.44396948814 -0.14157937 0.52447623 0.0249998569489
1648472248.07 -0.440742731094 0.665730714798 1.4502068758 -0.14157937 0.52447623 0.00699996948242
1648472250.8 -0.468253642321 0.618942499161 1.4358137846 -0.14157937 0.52447623 2.52500009537
