1616180236.93 -0.384272098541 0.707827448845 0.273668646812 -0.17744917 -0.52422565
1616180321.89 -0.404018878937 0.700456142426 0.279505312443 -0.17744917 -0.52422565
1616180337.81 -0.375670880079 0.702886521816 0.282415479422 -0.17744917 -0.52422565
1616180426.08 -0.410710096359 0.709128379822 0.35387340188 -0.17744917 -0.52422565
1616180446.42 -0.376351773739 0.703485250473 0.299960821867 -0.17744917 -0.52422565
1616180516.13 -0.463013708591 0.709868788719 0.264780789614 -0.17744917 -0.52422565
1616180535.86 -0.374830365181 0.708683729172 0.305931866169 -0.17744917 -0.52422565
1616180599.97 -0.466166704893 0.661736249924 0.247392579913 -0.17744917 -0.52422565
1616180623.93 -0.415887176991 0.685623526573 0.252068281174 -0.17744917 -0.52422565
1616180686.29 -0.383266568184 0.692990541458 0.340671032667 -0.17744917 -0.52422565
1616180703.02 0.02712774463 0.698885798454 0.288783222437 0.23875597 -0.5663048
1616180788.34 -0.00390175357461 0.654038846493 0.296030789614 0.23875597 -0.5663048
1616180814.03 0.00669227913022 0.69838899374 0.296107500792 0.23875597 -0.5663048
1616180882.02 0.0353739187121 0.704293072224 0.30709823966 0.23875597 -0.5663048
1616180919.37 -0.0179542154074 0.687837541103 0.326289713383 0.23875597 -0.5663048
1616180992.24 0.0452273525298 0.693454563618 0.279716104269 0.23875597 -0.5663048
1616181020.76 -0.0206207018346 0.673029243946 0.24081005156 0.23875597 -0.5663048
1616181084.77 0.0324711538851 0.648507893085 0.31007361412 0.23875597 -0.5663048
1616181108.94 0.0112565979362 0.68803268671 0.305811315775 0.23875597 -0.5663048
1616181175.44 -0.00351339485496 0.667853653431 0.248793467879 0.23875597 -0.5663048
1616181197.25 0.00778489559889 0.694752752781 0.174930542707 0.2520675 -0.7152925
1616181259.87 0.0315575376153 0.702504396439 0.168725684285 0.2520675 -0.7152925
1616181276.35 -0.0265273973346 0.710442125797 0.15995401144 0.2520675 -0.7152925
1616181339.83 0.00800276920199 0.70226919651 0.172261178493 0.2520675 -0.7152925
1616181370.54 0.0249204039574 0.6983705163 0.1699205935 0.2520675 -0.7152925
1616181438.18 0.0361029617488 0.691191732883 0.128803953528 0.2520675 -0.7152925
1616181459.62 0.00473134592175 0.698982357979 0.16363979876 0.2520675 -0.7152925
1616181525.0 -0.00147399306297 0.682470440865 0.154420316219 0.2520675 -0.7152925
1616181546.36 0.0227206386626 0.690558433533 0.15141877532 0.2520675 -0.7152925
