1617029233.91 -0.374449431896 0.697345614433 0.301924705505 -0.17744917 -0.52422565
1617029300.14 -0.414573252201 0.703648686409 0.304352104664 -0.17744917 -0.52422565
1617029339.02 -0.417794585228 0.702172458172 0.272719472647 -0.17744917 -0.52422565
1617029401.82 -0.43798905611 0.67905408144 0.333624005318 -0.17744917 -0.52422565
1617029420.11 -0.400248140097 0.713145792484 0.340168088675 -0.17744917 -0.52422565
1617029491.43 -0.362179547548 0.713722884655 0.302927911282 -0.17744917 -0.52422565
1617029512.99 -0.476724803448 0.693711936474 0.294304251671 -0.17744917 -0.52422565
1617029590.83 -0.421012818813 0.717213869095 0.23008929193 -0.17744917 -0.52422565
1617029608.38 -0.394546478987 0.713760793209 0.250777244568 -0.17744917 -0.52422565
1617029671.26 -0.432830870152 0.712336838245 0.276533275843 -0.17744917 -0.52422565
1617029684.86 -0.398538470268 0.701533198357 1.40195465088 -0.11102872 0.5849583
1617029747.49 -0.325057029724 0.708190262318 1.42379879951 -0.11102872 0.5849583
1617029767.72 -0.401007056236 0.721026480198 1.41288101673 -0.11102872 0.5849583
1617029831.49 -0.317161619663 0.707565426826 1.39248585701 -0.11102872 0.5849583
1617029845.23 -0.39843070507 0.709654510021 1.41713452339 -0.11102872 0.5849583
1617029907.61 -0.316399514675 0.699314594269 1.41382265091 -0.11102872 0.5849583
1617029926.38 -0.401330292225 0.723142743111 1.43759858608 -0.11102872 0.5849583
1617030028.6 -0.388543486595 0.708156704903 1.37641835213 -0.11102872 0.5849583
1617030055.37 -0.325626850128 0.688684880733 1.45224535465 -0.11102872 0.5849583
1617030121.38 -0.344109296799 0.704131186008 1.44490849972 -0.11102872 0.5849583
1617030147.47 -0.028165653348 0.714233756065 1.22713816166 0.2191291 0.35472545
1617030214.89 -0.0161938294768 0.688324987888 1.17773771286 0.2191291 0.35472545
1617030234.58 -0.028496183455 0.699999332428 1.20227754116 0.2191291 0.35472545
1617030298.52 0.00751036405563 0.696215510368 1.1663248539 0.2191291 0.35472545
1617030327.04 -0.0134405046701 0.710703969002 1.19786155224 0.2191291 0.35472545
1617030397.2 -0.022707298398 0.726894676685 1.22031509876 0.2191291 0.35472545
1617030418.84 -0.0437349490821 0.716829478741 1.11567091942 0.2191291 0.35472545
1617030483.93 -0.0103318206966 0.68851518631 1.21560060978 0.2191291 0.35472545
1617030521.45 -0.00959195941687 0.726425468922 1.20915126801 0.2191291 0.35472545
1617030583.72 -0.0446390062571 0.628952920437 1.21777379513 0.2191291 0.35472545
1617030596.15 -0.083176061511 0.712445139885 0.543926119804 0.14769809 -0.34679046
1617030660.48 -0.141220897436 0.664287209511 0.464484840631 0.14769809 -0.34679046
1617030676.1 -0.141224890947 0.695855259895 0.455166757107 0.14769809 -0.34679046
1617030742.58 -0.111619994044 0.633706152439 0.516982793808 0.14769809 -0.34679046
1617030762.16 -0.074207291007 0.698876917362 0.44497397542 0.14769809 -0.34679046
1617030825.96 -0.164529442787 0.683016359806 0.46493807435 0.14769809 -0.34679046
1617030844.93 -0.094768255949 0.693221628666 0.458730340004 0.14769809 -0.34679046
1617030907.09 -0.11474300921 0.678516983986 0.490153938532 0.14769809 -0.34679046
1617030920.52 -0.0926759615541 0.705129981041 0.505310058594 0.14769809 -0.34679046
1617030942.69 -0.111445628107 0.473627150059 0.478775203228 0.14769809 -0.34679046
1617030968.29 -0.313148140907 0.653186559677 1.16899585724 -0.05195843 0.34991333
1617031044.5 -0.247711077332 0.685324072838 1.13234353065 -0.05195843 0.34991333
1617031056.24 -0.359315365553 0.720191419125 1.13540673256 -0.05195843 0.34991333
1617031119.39 -0.301568686962 0.674778938293 1.17375767231 -0.05195843 0.34991333
1617031133.52 -0.356496989727 0.711747586727 1.14711534977 -0.05195843 0.34991333
