1615977676.89 -0.47831350565 0.712749004364 0.268740087748 -0.17744917 -0.52422565
1615977750.6 -0.421109974384 0.714815855026 0.237023368478 -0.17744917 -0.52422565
1615977778.26 -0.417641371489 0.719695687294 0.271810352802 -0.17744917 -0.52422565
1615977842.29 -0.407546877861 0.696912705898 0.325011730194 -0.17744917 -0.52422565
1615977856.79 -0.3988032341 0.717445552349 0.311967968941 -0.17744917 -0.52422565
1615977920.37 -0.432139962912 0.715570807457 0.284701913595 -0.17744917 -0.52422565
1615977934.41 -0.392978578806 0.719611287117 0.314058035612 -0.17744917 -0.52422565
1615977936.45 -0.378354787827 0.723424255848 0.320169657469 -0.17744917 -0.52422565
1615977948.27 -0.419809669256 0.707595646381 0.311470150948 -0.17744917 -0.52422565
1615978011.56 -0.380586981773 0.703890919685 0.268954128027 -0.17744917 -0.52422565
1615978024.31 -0.29949337244 0.699333846569 0.866588652134 -0.0036355378 0.094139755
1615978087.21 -0.27308678627 0.709590256214 0.860856831074 -0.0036355378 0.094139755
1615978105.01 -0.227142304182 0.679861605167 0.904495358467 -0.0036355378 0.094139755
1615978166.63 -0.221141040325 0.697934031487 0.964462220669 -0.0036355378 0.094139755
1615978193.82 -0.275417029858 0.715823769569 0.881781101227 -0.0036355378 0.094139755
1615978256.57 -0.275480121374 0.710806727409 0.858926594257 -0.0036355378 0.094139755
1615978268.62 -0.268351882696 0.676967442036 0.95290851593 -0.0036355378 0.094139755
1615978331.02 -0.205466508865 0.702048659325 0.902242541313 -0.0036355378 0.094139755
1615978345.55 -0.245191857219 0.671924352646 0.916105151176 -0.0036355378 0.094139755
1615978408.71 -0.303337037563 0.702493309975 0.902303397655 -0.0036355378 0.094139755
1615978421.66 -0.348497211933 0.720530986786 0.496915757656 -0.0877502 -0.2950072
1615978483.72 -0.312949061394 0.702980697155 0.56785005331 -0.0877502 -0.2950072
1615978493.22 -0.339814186096 0.689687013626 0.566640496254 -0.0877502 -0.2950072
1615978555.93 -0.286360383034 0.705438375473 0.547946095467 -0.0877502 -0.2950072
1615978580.45 -0.309182792902 0.700761914253 0.519250035286 -0.0877502 -0.2950072
1615978599.89 -0.367571949959 0.527320027351 0.550519227982 -0.0877502 -0.2950072
1615978612.17 -0.293903619051 0.714906692505 0.54419696331 -0.0877502 -0.2950072
1615978634.22 -0.3347876966 0.542626082897 0.572523415089 -0.0877502 -0.2950072
1615978647.03 -0.377539426088 0.669715642929 0.547537922859 -0.0877502 -0.2950072
1615978710.25 -0.352378904819 0.674622654915 0.464891254902 -0.0877502 -0.2950072
1615978726.09 -0.0319225303829 0.662975728512 0.402353405952 0.27577212 -0.40145597
1615978728.12 0.0120032764971 0.691542685032 0.417344689369 0.27577212 -0.40145597
1615978741.29 0.00300649181008 0.690953195095 0.470801770687 0.27577212 -0.40145597
1615978807.31 -0.00256649404764 0.704279899597 0.452728837729 0.27577212 -0.40145597
1615978821.07 -0.0319289639592 0.723391652107 0.439384400845 0.27577212 -0.40145597
1615978885.16 0.000694282352924 0.689846336842 0.45005223155 0.27577212 -0.40145597
1615978900.58 0.0210317671299 0.698143422604 0.481914401054 0.27577212 -0.40145597
1615978963.65 0.0490411818027 0.660811185837 0.463522344828 0.27577212 -0.40145597
1615978981.14 0.0140219554305 0.686733484268 0.494155168533 0.27577212 -0.40145597
1615979047.54 0.0161975249648 0.695126414299 0.464096784592 0.27577212 -0.40145597
1615979082.16 -0.177286550403 0.705930769444 0.264352113008 0.11501935 -0.56622994
1615979145.43 -0.107178807259 0.708770513535 0.312883108854 0.11501935 -0.56622994
1615979160.2 -0.193562537432 0.694102287292 0.282754570246 0.11501935 -0.56622994
1615979162.22 -0.192426681519 0.69090783596 0.276753723621 0.11501935 -0.56622994
1615979190.14 -0.120599336922 0.680676817894 0.288821041584 0.11501935 -0.56622994
1615979251.79 -0.19284941256 0.708453893661 0.276456266642 0.11501935 -0.56622994
1615979269.0 -0.129343599081 0.711939692497 0.248661875725 0.11501935 -0.56622994
1615979332.4 -0.124821916223 0.689256310463 0.265783369541 0.11501935 -0.56622994
1615979351.31 -0.153666347265 0.686503171921 0.290611296892 0.11501935 -0.56622994
1615979417.1 -0.182677671313 0.664160907269 0.220434337854 0.11501935 -0.56622994
1615979446.77 -0.555483400822 0.710420072079 1.46104180813 -0.28078672 0.6192466
1615979514.35 -0.585040986538 0.690230488777 1.41928744316 -0.28078672 0.6192466
1615979533.26 -0.535762429237 0.705821573734 1.37982916832 -0.28078672 0.6192466
1615979598.89 -0.53959685564 0.706708788872 1.43893575668 -0.28078672 0.6192466
1615979616.35 -0.546264648438 0.691057622433 1.42668390274 -0.28078672 0.6192466
1615979684.0 -0.491337537766 0.681785225868 1.41234219074 -0.28078672 0.6192466
1615979704.39 -0.584203481674 0.623488485813 1.42643272877 -0.28078672 0.6192466
