1615800558.54 -0.446276217699 0.723954975605 0.336414337158 -0.17744917 -0.52422565
1615800643.9 -0.386266410351 0.716578900814 0.301855534315 -0.17744917 -0.52422565
1615800656.57 -0.392489165068 0.738718628883 0.285857856274 -0.17744917 -0.52422565
1615800722.94 -0.383262246847 0.713882625103 0.359448313713 -0.17744917 -0.52422565
1615800746.48 -0.424311369658 0.722326636314 0.346680939198 -0.17744917 -0.52422565
1615800809.78 -0.378942608833 0.6822245121 0.3001049757 -0.17744917 -0.52422565
1615800827.32 -0.392157286406 0.731789290905 0.302574574947 -0.17744917 -0.52422565
1615800889.0 -0.501346290112 0.66641497612 0.285445302725 -0.17744917 -0.52422565
1615800910.12 -0.442645311356 0.68082767725 0.313371539116 -0.17744917 -0.52422565
1615800985.57 -0.407633394003 0.709139943123 0.348693668842 -0.17744917 -0.52422565
1615801008.39 -0.522890925407 0.685877978802 1.00910782814 -0.26125208 0.18534286
1615801039.42 -0.515203416348 0.688372135162 1.05786967278 -0.26125208 0.18534286
1615801055.38 -0.557330071926 0.693128943443 0.979848265648 -0.26125208 0.18534286
1615801118.23 -0.534092068672 0.709295451641 1.00627863407 -0.26125208 0.18534286
1615801131.73 -0.467118769884 0.682845294476 0.986821472645 -0.26125208 0.18534286
1615801195.53 -0.518129110336 0.712499797344 0.977216541767 -0.26125208 0.18534286
1615801230.65 -0.51205432415 0.709436833858 0.950535595417 -0.26125208 0.18534286
1615801280.77 -0.54414743185 0.704501867294 1.00833272934 -0.26125208 0.18534286
1615801297.33 -0.51682549715 0.714344501495 0.991828739643 -0.26125208 0.18534286
1615801359.28 -0.452243775129 0.677663326263 1.04423236847 -0.26125208 0.18534286
1615801374.82 -0.543880105019 0.697269320488 0.707781910896 -0.2595522 -0.08810315
1615801396.03 -0.496510058641 0.459196031094 0.738929510117 -0.2595522 -0.08810315
1615801418.97 -0.510704874992 0.71451407671 0.726834774017 -0.2595522 -0.08810315
1615801480.36 -0.535631299019 0.719445407391 0.726561546326 -0.2595522 -0.08810315
1615801504.15 -0.47998341918 0.713846802711 0.695302963257 -0.2595522 -0.08810315
1615801567.06 -0.527803063393 0.695189833641 0.789902925491 -0.2595522 -0.08810315
1615801577.04 -0.5668836236 0.705589652061 0.76841378212 -0.2595522 -0.08810315
1615801606.68 -0.545046269894 0.701471030712 0.772194743156 -0.2595522 -0.08810315
1615801622.74 -0.502790033817 0.697874546051 0.807791829109 -0.2595522 -0.08810315
1615801686.45 -0.47173088789 0.679946362972 0.701593458652 -0.2595522 -0.08810315
1615801699.66 -0.568042933941 0.680101394653 0.920007050037 -0.2759376 0.06556942
1615801753.74 -0.536062657833 0.717281639576 0.943026900291 -0.2759376 0.06556942
1615801772.54 -0.544853627682 0.658697247505 0.873854756355 -0.2759376 0.06556942
1615801841.84 -0.557950496674 0.719909906387 0.885202348232 -0.2759376 0.06556942
1615801869.51 -0.5045825243 0.695538938046 0.878704547882 -0.2759376 0.06556942
1615801931.58 -0.539309263229 0.722293972969 0.852890610695 -0.2759376 0.06556942
1615801942.86 -0.531803548336 0.716490507126 0.957960546017 -0.2759376 0.06556942
1615801967.32 -0.59365439415 0.669205665588 0.9027146101 -0.2759376 0.06556942
1615801982.11 -0.562212586403 0.696246027946 0.913652062416 -0.2759376 0.06556942
1615802047.87 -0.578587651253 0.672464609146 0.870087265968 -0.2759376 0.06556942
1615802071.02 -0.472772181034 0.697759926319 1.21220386028 -0.24390136 0.43512425
1615802160.02 -0.4464417696 0.64542555809 1.22077488899 -0.24390136 0.43512425
1615802185.92 -0.448553353548 0.693934381008 1.22569715977 -0.24390136 0.43512425
1615802248.25 -0.486294031143 0.719316959381 1.21947717667 -0.24390136 0.43512425
1615802272.07 -0.516846299171 0.704980552197 1.25677502155 -0.24390136 0.43512425
1615802337.4 -0.552432894707 0.678124248981 1.24163961411 -0.24390136 0.43512425
1615802386.55 -0.516468822956 0.719093799591 1.21349108219 -0.24390136 0.43512425
