1634655950.68 -0.484515666962 0.466681003571 0.31834602356 -0.17744917 -0.52422565 0.00999999046326
1634655951.3 -0.387822449207 0.461395740509 0.44104424119 -0.17744917 -0.52422565 0.606999874115
1634655962.92 -0.452291697264 0.472486317158 0.450478345156 -0.17744917 -0.52422565 0.447000026703
1634655978.76 -0.370889276266 0.464707612991 0.430427312851 -0.17744917 -0.52422565 0.0280001163483
1634655978.89 -0.372997641563 0.466604113579 0.425687193871 -0.17744917 -0.52422565 0.104000091553
1634655979.33 -0.323280245066 0.500270247459 0.334042847157 -0.17744917 -0.52422565 0.434000015259
1634655981.75 -0.504620790482 0.469862669706 0.362653315067 -0.17744917 -0.52422565 2.15899991989
1634655999.09 -0.407284468412 0.460339546204 0.443273127079 -0.17744917 -0.52422565 0.0120000839233
1634655999.12 -0.396561026573 0.4649130404 0.443620473146 -0.17744917 -0.52422565 0.0250000953674
1634655999.36 -0.357377946377 0.51167088747 0.401609569788 -0.17744917 -0.52422565 0.232999801636
1634656003.16 -0.506699025631 0.497563272715 0.374469190836 -0.17744917 -0.52422565 0.138000011444
1634656004.76 -0.494235277176 0.700861394405 0.335992723703 -0.17744917 -0.52422565 0.0680000782013
1634656005.89 -0.410367578268 0.495042771101 0.450044870377 -0.17744917 -0.52422565 1.07899999619
1634656037.78 -0.397504121065 0.463512420654 0.304171174765 -0.17744917 -0.52422565 0.0550000667572
1634656063.86 -0.364670842886 0.637157857418 0.415131509304 -0.17744917 -0.52422565 0.727999925613
1634656065.2 -0.472827285528 0.46737164259 0.314412862062 -0.17744917 -0.52422565 0.68700003624
1634656065.24 -0.463441282511 0.466572523117 0.305290877819 -0.17744917 -0.52422565 0.00799989700317
1634656077.73 -0.397617250681 0.469730973244 0.308165341616 -0.17744917 -0.52422565 0.462000131607
1634656096.21 -0.376667886972 0.508898317814 0.429184138775 -0.17744917 -0.52422565 0.0120000839233
1634656096.26 -0.384065657854 0.52114802599 0.435351133347 -0.17744917 -0.52422565 0.0169999599457
1634656096.52 -0.422307342291 0.548952698708 0.451338082552 -0.17744917 -0.52422565 0.0750000476837
1634656096.58 -0.42443343997 0.554073274136 0.451231181622 -0.17744917 -0.52422565 0.0090000629425
1634656098.4 -0.410280227661 0.59444206953 0.453274637461 -0.17744917 -0.52422565 1.8140001297
1634656109.04 -0.495534956455 0.682878494263 0.413653224707 -0.17744917 -0.52422565 0.117000102997
1634656109.39 -0.500049591064 0.6898265481 0.404703617096 -0.17744917 -0.52422565 0.00899982452393
1634656109.79 -0.505488038063 0.699243068695 0.382923841476 -0.17744917 -0.52422565 0.391999959946
1634656110.96 -0.36994317174 0.492699861526 0.325299441814 -0.17744917 -0.52422565 1.09800004959
1634656125.13 -0.437194526196 0.544359326363 0.301479578018 -0.17744917 -0.52422565 0.605000019073
1634656125.71 -0.521760702133 0.532525241375 0.321753025055 -0.17744917 -0.52422565 0.497000217438
1634656126.4 -0.467097878456 0.673987627029 0.310726612806 -0.17744917 -0.52422565 0.334000110626
1634656126.74 -0.46634760499 0.704647004604 0.310320585966 -0.17744917 -0.52422565 0.241999864578
1634656127.95 -0.482595145702 0.677088499069 0.32223418355 -0.17744917 -0.52422565 0.536999940872
1634656128.28 -0.474896878004 0.675837218761 0.31459620595 -0.17744917 -0.52422565 0.167000055313
1634656134.73 -0.435263216496 0.476105213165 0.452484726906 -0.17744917 -0.52422565 1.52500009537
1634656159.72 -0.390049159527 0.702959120274 0.388702124357 0.17126003 -0.06511154 1.27800011635
1634656175.19 -0.0107955904678 0.481086850166 0.870422899723 0.17126003 -0.06511154 0.34500002861
1634656176.91 -0.0743338912725 0.449270308018 0.75682091713 0.17126003 -0.06511154 1.1970000267
1634656176.94 -0.0763507038355 0.447765946388 0.74752175808 0.17126003 -0.06511154 0.0169999599457
1634656201.4 -0.105364985764 0.454028338194 0.908221900463 0.17126003 -0.06511154 1.5
1634656214.97 -0.0581869147718 0.518082141876 0.907125711441 0.17126003 -0.06511154 0.413000106812
1634656215.68 -0.081067495048 0.556877493858 0.910044550896 0.17126003 -0.06511154 0.618999958038
1634656245.58 -0.143656566739 0.681069195271 0.874453485012 0.17126003 -0.06511154 0.621000051498
1634656245.78 -0.144047647715 0.675975203514 0.873785078526 0.17126003 -0.06511154 0.109000205994
1634656246.46 -0.155340313911 0.592013716698 0.833685338497 0.17126003 -0.06511154 0.0839998722076
1634656256.35 -0.105826340616 0.498221039772 0.905052423477 0.17126003 -0.06511154 0.196000099182
1634656273.02 -0.00610939599574 0.64642137289 0.847877442837 0.17126003 -0.06511154 0.970999956131
1634656275.89 -0.0634186267853 0.695594608784 0.908121526241 0.17126003 -0.06511154 2.0680000782
1634656345.86 -0.0192659497261 0.489229947329 0.788567364216 0.17126003 -0.06511154 1.8029999733
1634656374.56 -0.110341906548 0.645435750484 0.858258545399 0.20961069 -0.5804912 1.14699983597
1634656377.68 -0.0334428697824 0.556396126747 0.393555372953 0.20961069 -0.5804912 0.22000002861
1634656391.2 0.0272761266679 0.452247798443 0.291846215725 0.20961069 -0.5804912 0.253999948502
1634656404.01 0.00936136301607 0.472165644169 0.372346758842 0.20961069 -0.5804912 0.40299987793
1634656405.76 0.0116768972948 0.500767111778 0.264671355486 0.20961069 -0.5804912 1.28900003433
1634656414.53 -0.115590199828 0.683093905449 0.293169379234 0.20961069 -0.5804912 0.225000143051
1634656414.95 -0.117882736027 0.651897311211 0.304813295603 0.20961069 -0.5804912 0.0169999599457
1634656415.05 -0.118794538081 0.598404526711 0.324374765158 0.20961069 -0.5804912 0.00800013542175
1634656415.09 -0.117948234081 0.574348986149 0.33090287447 0.20961069 -0.5804912 0.0169999599457
1634656439.84 -0.0476728007197 0.504920244217 0.394444525242 0.20961069 -0.5804912 0.417000055313
1634656441.35 -0.0616168305278 0.501159131527 0.393822729588 0.20961069 -0.5804912 0.838999986649
1634656473.74 -0.0796658098698 0.520544111729 0.252970457077 0.20961069 -0.5804912 0.321999788284
1634656475.34 -0.0371988788247 0.568641901016 0.243159979582 0.20961069 -0.5804912 1.39499998093
1634656483.44 0.0384166091681 0.452150553465 0.374831825495 0.20961069 -0.5804912 0.450999975204
1634656485.15 0.0275562740862 0.650774180889 0.294530063868 0.20961069 -0.5804912 0.731000185013
1634656485.26 0.0261914730072 0.650723218918 0.290646374226 0.20961069 -0.5804912 0.0480000972748
1634656485.62 0.0199966914952 0.632532060146 0.278213560581 0.20961069 -0.5804912 0.0090000629425
1634656495.33 -0.111376665533 0.669688761234 0.351195067167 0.20961069 -0.5804912 0.5640001297
1634656496.86 -0.0293111503124 0.462705224752 0.237475797534 0.20961069 -0.5804912 1.19499993324
1634656511.79 -0.0142904296517 0.451974183321 0.362897485495 -0.123681806 -0.31461385 1.51599979401
1634656594.67 -0.377702891827 0.590603232384 0.663313031197 -0.123681806 -0.31461385 1.80800008774
1634656621.55 -0.433938264847 0.51906478405 0.537742376328 -0.123681806 -0.31461385 0.191999912262
1634656621.67 -0.430427461863 0.546367585659 0.534124314785 -0.123681806 -0.31461385 0.00899982452393
1634656622.73 -0.433390557766 0.560121774673 0.534282922745 -0.123681806 -0.31461385 1.05399990082
1634656647.8 -0.414744973183 0.463972687721 0.517956137657 -0.123681806 -0.31461385 1.72600007057
1634656668.35 -0.450912058353 0.661147356033 0.595870316029 -0.123681806 -0.31461385 0.998000144958
1634656668.96 -0.439871966839 0.537232875824 0.626448988914 -0.123681806 -0.31461385 0.167000055313
1634656692.67 -0.377943992615 0.524576425552 0.66095495224 -0.123681806 -0.31461385 0.43799996376
1634656713.53 -0.286233484745 0.508045971394 0.610648751259 -0.123681806 -0.31461385 1.08000016212
1634656740.27 -0.400037169456 0.542452692986 0.513841748238 -0.123681806 -0.31461385 0.670000076294
1634656742.97 -0.415839105844 0.638907670975 0.51833242178 -0.123681806 -0.31461385 0.771000146866
1634656743.55 -0.418281465769 0.512874126434 0.656830191612 -0.123681806 -0.31461385 0.259000062943
1634656750.47 -0.300886541605 0.490496754646 0.571745812893 -0.123681806 -0.31461385 1.86800003052
1634656752.61 -0.359933495522 0.457840263844 0.659606099129 -0.123681806 -0.31461385 0.171000003815
1634656759.49 -0.386802434921 0.581046581268 0.661075890064 -0.123681806 -0.31461385 0.226000070572
1634656762.0 -0.421021610498 0.464620232582 0.568146049976 -0.24637327 0.14475466 1.5110001564
1634656765.47 -0.57025873661 0.468059927225 1.06831276417 -0.24637327 0.14475466 0.243000030518
1634656767.62 -0.433349221945 0.459207653999 1.09338784218 -0.24637327 0.14475466 1.12800002098
1634656779.94 -0.447748988867 0.460421413183 1.11106014252 -0.24637327 0.14475466 0.554000139236
1634656780.86 -0.455987274647 0.459740102291 0.980684995651 -0.24637327 0.14475466 0.878999948502
1634656781.36 -0.577872335911 0.529518246651 1.03800392151 -0.24637327 0.14475466 0.251999855042
1634656781.4 -0.576703250408 0.534594357014 1.05670845509 -0.24637327 0.14475466 0.0249998569489
1634656781.78 -0.571025431156 0.477832436562 1.08184051514 -0.24637327 0.14475466 0.368999958038
1634656787.25 -0.57171446085 0.461881518364 1.03677177429 -0.24637327 0.14475466 0.066999912262
1634656787.28 -0.571207940578 0.459368407726 1.02310061455 -0.24637327 0.14475466 0.0249998569489
1634656794.47 -0.551654994488 0.583108603954 0.992746174335 -0.24637327 0.14475466 1.29600000381
1634656795.35 -0.555160045624 0.682753503323 0.997765004635 -0.24637327 0.14475466 0.266000032425
1634656796.84 -0.563066005707 0.653912127018 1.00839459896 -0.24637327 0.14475466 0.886000156403
1634656797.89 -0.48037096858 0.457953006029 1.12240684032 -0.24637327 0.14475466 0.309000015259
1634656804.44 -0.567987680435 0.537520170212 1.07090163231 -0.24637327 0.14475466 0.0839998722076
1634656808.98 -0.435705900192 0.451205611229 0.996515214443 -0.24637327 0.14475466 1.11200022697
1634656827.55 -0.551674544811 0.464942753315 0.985884845257 -0.24637327 0.14475466 0.221999883652
1634656832.31 -0.421885639429 0.586655437946 1.04945719242 -0.24637327 0.14475466 1.55799984932
1634656847.1 -0.485106617212 0.47832274437 0.971363782883 -0.24637327 0.14475466 0.236999988556
1634656856.29 -0.525282740593 0.62104600668 1.11611449718 -0.24637327 0.14475466 1.06699991226
1634656864.82 -0.481584519148 0.659791529179 0.971979260445 -0.24637327 0.14475466 0.570999860764
1634656866.57 -0.465540677309 0.662931621075 0.977171242237 -0.24637327 0.14475466 0.570000171661
1634656877.18 -0.475763857365 0.458606511354 1.12006342411 -0.24637327 0.14475466 0.586000204086
1634656895.8 -0.57278996706 0.468091338873 1.05215013027 -0.24637327 0.14475466 0.149999856949
1634656897.17 -0.534052252769 0.494783729315 1.11126661301 -0.24637327 0.14475466 0.0510001182556
1634656900.5 -0.563215136528 0.590497255325 1.010024786 -0.24637327 0.14475466 0.0090000629425
1634656900.54 -0.555037260056 0.575935542583 0.997403085232 -0.24637327 0.14475466 0.0329999923706
1634656900.62 -0.532264411449 0.544971525669 0.978749215603 -0.24637327 0.14475466 0.0750000476837
1634656901.54 -0.507972121239 0.705656886101 0.993698298931 0.18880884 -0.44090143 0.536000013351
1634656923.73 0.0184197463095 0.452937394381 0.436443209648 0.18880884 -0.44090143 1.29000020027
1634656949.9 -0.0322578474879 0.633306324482 0.526459157467 0.18880884 -0.44090143 0.513000011444
1634656959.01 -0.00451875943691 0.475128352642 0.410183846951 0.18880884 -0.44090143 0.229000091553
1634656959.04 0.00027080019936 0.481246650219 0.415463507175 0.18880884 -0.44090143 0.0169999599457
1634656987.48 -0.0939159095287 0.471112221479 0.386659860611 0.18880884 -0.44090143 1.1890001297
1634657008.92 -0.139736145735 0.468127608299 0.447837054729 0.18880884 -0.44090143 1.4430000782
1634657018.84 -0.121587969363 0.454634904861 0.509644985199 0.18880884 -0.44090143 0.593000173569
1634657035.52 -0.0325536057353 0.47428599 0.389572054148 0.18880884 -0.44090143 0.0590000152588
1634657069.53 -0.0144918756559 0.454601824284 0.383418291807 0.18880884 -0.44090143 0.571000099182
1634657069.85 0.01704534702 0.454232573509 0.451438188553 0.18880884 -0.44090143 0.0450000762939
1634657091.47 -0.036600291729 0.454414337873 0.384922534227 0.18880884 -0.44090143 0.388000011444
1634657155.42 -0.0120389387012 0.611901283264 0.40330529213 0.18880884 -0.44090143 0.151000022888
1634657156.57 -0.0713330954313 0.453761637211 0.534009933472 0.18880884 -0.44090143 0.442000150681
1634657196.89 -0.126099437475 0.526022076607 0.415929883718 0.18880884 -0.44090143 0.453999996185
1634657245.77 -0.138653442264 0.677210509777 0.46514031291 0.18880884 -0.44090143 0.699999809265
1634657251.6 0.00207759346813 0.452201902866 0.49939969182 0.18880884 -0.44090143 0.975000143051
1634657264.76 -0.0256514828652 0.475589543581 0.526545166969 0.18880884 -0.44090143 0.229000091553
1634657266.49 -0.0104771461338 0.516318619251 0.511619389057 0.18880884 -0.44090143 1.16300010681
1634657295.04 -0.097664989531 0.491178691387 0.527586340904 0.18880884 -0.44090143 0.417999982834
1634657317.62 0.0560865551233 0.464390665293 0.407293945551 0.18880884 -0.44090143 2.15400004387
1634657332.68 -0.141886025667 0.478072166443 0.458543717861 0.18880884 -0.44090143 1.94200015068
1634657341.34 -0.0260477848351 0.534605741501 0.393427997828 0.18880884 -0.44090143 0.0840001106262
1634657342.34 -0.0623670779169 0.679497778416 0.430797070265 -0.22010781 0.38965505 0.509999990463
1634657355.34 -0.543427586555 0.462775290012 1.27475547791 -0.22010781 0.38965505 0.225000143051
1634657356.44 -0.534088850021 0.673573553562 1.25085008144 -0.22010781 0.38965505 0.0339999198914
1634657357.17 -0.450816392899 0.618369996548 1.21689081192 -0.22010781 0.38965505 0.381999969482
1634657381.02 -0.465259224176 0.462306380272 1.36648392677 -0.22010781 0.38965505 1.50900006294
1634657396.0 -0.438921779394 0.503872275352 1.35957992077 -0.22010781 0.38965505 2.14300012589
1634657416.9 -0.483770132065 0.523645102978 1.36455762386 -0.22010781 0.38965505 0.0920000076294
1634657418.71 -0.515567302704 0.672955214977 1.35255372524 -0.22010781 0.38965505 0.8109998703
1634657436.3 -0.54480111599 0.592594861984 1.28065514565 -0.22010781 0.38965505 0.0839998722076
1634657438.71 -0.458365440369 0.458572953939 1.36502873898 -0.22010781 0.38965505 0.781000137329
1634657441.43 -0.504058659077 0.653394579887 1.35723757744 -0.22010781 0.38965505 1.48000001907
1634657442.66 -0.421444237232 0.584840893745 1.34929525852 -0.22010781 0.38965505 0.65399980545
1634657465.62 -0.451612830162 0.66702824831 1.36308443546 -0.22010781 0.38965505 0.0499999523163
1634657467.26 -0.532866239548 0.54227668047 1.33177995682 -0.22010781 0.38965505 0.781000137329
1634657474.58 -0.454621404409 0.648459434509 1.35399258137 -0.09403014 -0.6933988 1.12999987602
1634657485.51 -0.272149115801 0.562422573566 0.208910539746 -0.09403014 -0.6933988 0.519999980927
1634657487.6 -0.422780632973 0.46430003643 0.198742061853 -0.09403014 -0.6933988 0.503999948502
1634657487.61 -0.425250530243 0.46608620882 0.19231300056 -0.09403014 -0.6933988 0.00799989700317
1634657559.76 -0.374416202307 0.638443052769 0.280168294907 -0.09403014 -0.6933988 0.588000059128
1634657560.6 -0.402954488993 0.641398787498 0.25826138258 -0.09403014 -0.6933988 0.191999912262
1634657562.0 -0.270426809788 0.459284573793 0.215098112822 -0.09403014 -0.6933988 0.898999929428
1634657564.1 -0.372777611017 0.492510139942 0.281133085489 -0.09403014 -0.6933988 0.799999952316
1634657583.63 -0.289751291275 0.65514343977 0.258173108101 -0.09403014 -0.6933988 0.68700003624
1634657588.38 -0.42298874259 0.69197678566 0.21560588479 -0.09403014 -0.6933988 0.610000133514
1634657589.66 -0.415436804295 0.693116128445 0.239268884063 -0.09403014 -0.6933988 0.275000095367
1634657590.19 -0.410856932402 0.639880299568 0.166102543473 -0.09403014 -0.6933988 0.334000110626
1634657624.51 -0.308457612991 0.592016756535 0.273568034172 -0.09403014 -0.6933988 0.210000038147
1634657658.49 -0.388935923576 0.471076875925 0.142596200109 -0.09403014 -0.6933988 0.647000074387
1634657660.04 -0.398434370756 0.644455969334 0.149820923805 -0.09403014 -0.6933988 0.904000043869
1634657698.81 -0.32616686821 0.629262387753 0.279177069664 -0.09403014 -0.6933988 0.336999893188
