1634655981.23 -0.393654286861 0.687320113182 0.355905205011 -0.17744917 -0.52422565
1634656005.33 -0.485802948475 0.706353783607 0.352664142847 -0.17744917 -0.52422565
1634656097.28 -0.416988819838 0.653836429119 0.424328625202 -0.17744917 -0.52422565
1634656127.92 -0.480149358511 0.677837371826 0.324053525925 -0.17744917 -0.52422565
1634656134.17 -0.385472297668 0.664912104607 0.395811349154 -0.17744917 -0.52422565
1634656159.71 -0.390049159527 0.702959120274 0.388702124357 -0.17744917 -0.52422565
1634656176.22 -0.0476432070136 0.692510426044 0.882582485676 0.17126003 -0.06511154
1634656200.89 -0.0620230250061 0.654359459877 0.831618845463 0.17126003 -0.06511154
1634656245.47 -0.13946518302 0.680055975914 0.869222044945 0.17126003 -0.06511154
1634656274.34 -0.0328274518251 0.674713611603 0.865268588066 0.17126003 -0.06511154
1634656344.99 -0.139965832233 0.659418344498 0.852495372295 0.17126003 -0.06511154
1634656374.56 -0.11104734242 0.645443439484 0.858163058758 0.17126003 -0.06511154
1634656404.97 -0.0184323880821 0.675057291985 0.374329209328 0.20961069 -0.5804912
1634656441.02 -0.0145900659263 0.667894363403 0.336380004883 0.20961069 -0.5804912
1634656474.76 -0.066208511591 0.660978794098 0.277754157782 0.20961069 -0.5804912
1634656484.92 0.0117580946535 0.675789892673 0.319346278906 0.20961069 -0.5804912
1634656496.17 -0.110278971493 0.670809388161 0.343903630972 0.20961069 -0.5804912
1634656511.78 -0.0173710435629 0.451142936945 0.364816099405 0.20961069 -0.5804912
1634656594.26 -0.36584597826 0.656270742416 0.632032692432 -0.123681806 -0.31461385
1634656622.33 -0.426983833313 0.646886765957 0.569095909595 -0.123681806 -0.31461385
1634656647.14 -0.35543563962 0.67720168829 0.646140754223 -0.123681806 -0.31461385
1634656742.71 -0.366660535336 0.69017124176 0.530010044575 -0.123681806 -0.31461385
1634656749.91 -0.362884759903 0.678458154202 0.59871250391 -0.123681806 -0.31461385
1634656761.99 -0.421021610498 0.464620232582 0.568146049976 -0.123681806 -0.31461385
1634656767.16 -0.509261727333 0.647447407246 1.0655759573 -0.24637327 0.14475466
1634656796.46 -0.513408362865 0.671178281307 1.01288473606 -0.24637327 0.14475466
1634656831.87 -0.470440596342 0.696479678154 1.03239572048 -0.24637327 0.14475466
1634656855.73 -0.486825168133 0.642763674259 1.09499549866 -0.24637327 0.14475466
1634656866.5 -0.479923307896 0.64887958765 0.99182754755 -0.24637327 0.14475466
1634656901.53 -0.507132232189 0.705405592918 0.993644654751 -0.24637327 0.14475466
1634656986.79 0.00863952096552 0.681703686714 0.451127946377 0.18880884 -0.44090143
1634657008.42 -0.0322106704116 0.664417862892 0.491097480059 0.18880884 -0.44090143
1634657265.84 -0.0748977288604 0.686063885689 0.525280952454 0.18880884 -0.44090143
1634657316.62 -0.111260555685 0.649469017982 0.403914660215 0.18880884 -0.44090143
1634657332.16 -0.0396069847047 0.660131216049 0.504987776279 0.18880884 -0.44090143
1634657342.34 -0.0618489645422 0.678927600384 0.431004285812 0.18880884 -0.44090143
1634657395.18 -0.485919892788 0.674520552158 1.27499103546 -0.22010781 0.38965505
1634657418.41 -0.498746424913 0.695635199547 1.33837342262 -0.22010781 0.38965505
1634657440.46 -0.460836857557 0.70660930872 1.32297241688 -0.22010781 0.38965505
1634657442.51 -0.450828760862 0.667758584023 1.33948564529 -0.22010781 0.38965505
1634657466.98 -0.485958129168 0.647574305534 1.34046125412 -0.22010781 0.38965505
1634657474.57 -0.454748094082 0.648535251617 1.35422468185 -0.22010781 0.38965505
1634657563.81 -0.326394736767 0.663458943367 0.215032950044 -0.09403014 -0.6933988
1634657659.65 -0.365350812674 0.689374566078 0.180427148938 -0.09403014 -0.6933988
