1636904131.57 -0.428100138903 0.68895483017 0.363457322121 -0.17744917 -0.52422565
1636904202.79 -0.453677862883 0.684524357319 0.398209214211 -0.17744917 -0.52422565
1636904206.94 -0.417169123888 0.711310744286 0.399191170931 -0.17744917 -0.52422565
1636904235.86 -0.466452568769 0.70694822073 0.248152464628 -0.17744917 -0.52422565
1636904240.49 -0.385085165501 0.708674252033 0.377103209496 -0.17744917 -0.52422565
1636904266.86 -0.503030657768 0.673250496387 0.403762310743 -0.17744917 -0.52422565
1636904269.67 -0.496518015862 0.637856543064 0.37921589613 -0.17744917 -0.52422565
1636904279.34 -0.515218496323 0.700541377068 0.306738942862 -0.17744917 -0.52422565
1636904292.51 -0.431054115295 0.704577088356 0.377434641123 -0.17744917 -0.52422565
1636904294.52 -0.338130891323 0.689222335815 0.376437067986 -0.17744917 -0.52422565
1636904333.65 -0.280968934298 0.687170088291 1.49027097225 0.00077052665 0.62426144
1636904371.54 -0.305054932833 0.63301461935 1.56172561646 0.00077052665 0.62426144
1636904376.24 -0.217568337917 0.690470814705 1.45993113518 0.00077052665 0.62426144
1636904440.6 -0.178911551833 0.653244674206 1.53420567513 0.00077052665 0.62426144
1636904443.74 -0.208007097244 0.62081694603 1.53992235661 0.00077052665 0.62426144
1636904446.17 -0.147289291024 0.667747914791 1.61864972115 0.00077052665 0.62426144
1636904453.36 -0.286412239075 0.67122477293 1.47622692585 0.00077052665 0.62426144
1636904468.76 -0.143685728312 0.637228488922 1.59792089462 0.00077052665 0.62426144
1636904478.21 -0.216690599918 0.660784780979 1.50332117081 0.00077052665 0.62426144
1636904480.22 -0.298801034689 0.694155156612 1.42237842083 0.00077052665 0.62426144
1636904486.72 -0.465651333332 0.663660943508 1.08430206776 -0.23381542 0.23944011
1636904502.32 -0.581369698048 0.675764322281 1.02906239033 -0.23381542 0.23944011
1636904507.93 -0.51614522934 0.68086129427 1.08169794083 -0.23381542 0.23944011
1636904588.16 -0.550814270973 0.642431259155 1.15881812572 -0.23381542 0.23944011
1636904599.76 -0.452851891518 0.672544300556 1.15098679066 -0.23381542 0.23944011
1636904618.25 -0.55980694294 0.6943551898 1.17650902271 -0.23381542 0.23944011
1636904621.18 -0.464138567448 0.672529995441 1.10252976418 -0.23381542 0.23944011
1636904623.2 -0.510154604912 0.660698890686 1.23264181614 -0.23381542 0.23944011
1636904639.09 -0.48598882556 0.63397371769 1.17825210094 -0.23381542 0.23944011
1636904651.69 -0.518895983696 0.621419072151 1.26502931118 -0.23381542 0.23944011
1636904679.64 -0.245494306087 0.692872464657 0.255884468555 0.018409578 -0.59914666
1636904749.42 -0.232175335288 0.673457801342 0.273512601852 0.018409578 -0.59914666
1636904752.7 -0.229570835829 0.658972501755 0.25641694665 0.018409578 -0.59914666
1636904767.82 -0.155722349882 0.649373233318 0.175839498639 0.018409578 -0.59914666
1636904772.35 -0.256060987711 0.63340306282 0.291584640741 0.018409578 -0.59914666
1636904836.76 -0.276098757982 0.671093702316 0.239747568965 0.018409578 -0.59914666
1636904843.36 -0.248667836189 0.677431225777 0.35906034708 0.018409578 -0.59914666
1636904845.37 -0.309136301279 0.665076076984 0.306792885065 0.018409578 -0.59914666
1636904857.4 -0.285863190889 0.66474032402 0.279896587133 0.018409578 -0.59914666
1636904916.34 -0.179224789143 0.663162767887 0.349009811878 0.018409578 -0.59914666
1636904925.48 -0.19791829586 0.687731862068 1.01619195938 0.07696051 0.17764385
1636904927.49 -0.166148856282 0.669845402241 1.19955933094 0.07696051 0.17764385
1636904939.58 -0.12973625958 0.68835914135 1.11767160892 0.07696051 0.17764385
1636905006.27 -0.120307646692 0.667470037937 1.0598487854 0.07696051 0.17764385
1636905022.37 -0.200752586126 0.697081267834 1.03450107574 0.07696051 0.17764385
1636905033.59 -0.180563464761 0.64044302702 1.1088283062 0.07696051 0.17764385
1636905042.59 -0.135426789522 0.629782795906 1.04459285736 0.07696051 0.17764385
1636905108.3 -0.17477299273 0.660064280033 1.02072668076 0.07696051 0.17764385
1636905134.43 -0.143642023206 0.672217607498 1.09852588177 0.07696051 0.17764385
1636905160.18 -0.131486564875 0.621831834316 1.08648610115 0.07696051 0.17764385
1636905172.48 -0.111568644643 0.64921849966 0.509427845478 0.15023957 -0.3503176
1636905237.18 -0.117560520768 0.689089179039 0.491520524025 0.15023957 -0.3503176
1636905239.29 -0.138410702348 0.69902318716 0.515982270241 0.15023957 -0.3503176
1636905241.94 -0.0662361606956 0.636839926243 0.585830807686 0.15023957 -0.3503176
1636905244.03 -0.108503013849 0.670144438744 0.509719312191 0.15023957 -0.3503176
1636905252.64 -0.223975673318 0.667800307274 0.525703907013 0.15023957 -0.3503176
1636905261.28 -0.103158473969 0.676216423512 0.554501533508 0.15023957 -0.3503176
1636905332.87 -0.0675475224853 0.680120289326 0.603491067886 0.15023957 -0.3503176
1636905337.44 -0.119224593043 0.67781496048 0.5517603755 0.15023957 -0.3503176
1636905401.42 -0.047090023756 0.65079843998 0.512589037418 0.15023957 -0.3503176
1636905407.25 -0.0123482830822 0.673659026623 1.64587175846 0.18988091 0.7515187
1636905430.12 0.0276620201766 0.676228940487 1.69518470764 0.18988091 0.7515187
1636905435.42 -0.0485688634217 0.691645622253 1.66845190525 0.18988091 0.7515187
1636905446.61 0.0143730482087 0.66898816824 1.64925980568 0.18988091 0.7515187
1636905449.89 -0.0465617403388 0.698782503605 1.68934345245 0.18988091 0.7515187
1636905461.11 0.0430779829621 0.690779149532 1.75979030132 0.18988091 0.7515187
1636905467.51 -0.0514254271984 0.678126871586 1.60979151726 0.18988091 0.7515187
1636905477.46 -0.0505549311638 0.704765200615 1.76740431786 0.18988091 0.7515187
1636905492.25 -0.01411768049 0.681505441666 1.69491696358 0.18988091 0.7515187
1636905494.26 -0.0343534015119 0.67738199234 1.52952408791 0.18988091 0.7515187
1636905501.68 0.00319117121398 0.663496136665 0.492521852255 0.29110074 -0.36776832
1636905503.98 0.130309611559 0.692432820797 0.431496709585 0.29110074 -0.36776832
1636905528.13 0.0675551518798 0.68544948101 0.542476117611 0.29110074 -0.36776832
1636905530.14 0.115211769938 0.681712865829 0.635767042637 0.29110074 -0.36776832
1636905551.02 0.0803777053952 0.665464103222 0.493221610785 0.29110074 -0.36776832
1636905553.04 0.176736906171 0.655317425728 0.551799178123 0.29110074 -0.36776832
1636905566.02 0.0526224263012 0.639539599419 0.508776962757 0.29110074 -0.36776832
1636905577.95 -0.0265960488468 0.701863229275 0.600802302361 0.29110074 -0.36776832
1636905595.61 -0.000605395063758 0.681499838829 0.486481189728 0.29110074 -0.36776832
1636905657.94 0.0361993908882 0.675080537796 0.488935232162 0.29110074 -0.36776832
1636905665.58 -0.399804770947 0.665678977966 0.709290325642 -0.1013244 -0.20243552
1636905732.42 -0.388564229012 0.722846925259 0.681537985802 -0.1013244 -0.20243552
1636905746.0 -0.371782124043 0.676670372486 0.652241647243 -0.1013244 -0.20243552
1636905809.11 -0.39391720295 0.688753128052 0.666688740253 -0.1013244 -0.20243552
1636905816.81 -0.415584087372 0.648915410042 0.723821938038 -0.1013244 -0.20243552
1636905843.35 -0.37574878335 0.682568490505 0.588447511196 -0.1013244 -0.20243552
1636905845.83 -0.336426347494 0.656206727028 0.640059709549 -0.1013244 -0.20243552
1636905861.96 -0.446790575981 0.696210443974 0.680364251137 -0.1013244 -0.20243552
1636905865.33 -0.329281508923 0.689642488956 0.724156081676 -0.1013244 -0.20243552
1636905878.85 -0.475216329098 0.707495391369 0.736018180847 -0.1013244 -0.20243552
1636905885.95 -0.502004384995 0.622039020061 1.38487303257 -0.26446208 0.47238585
1636905938.23 -0.613086283207 0.623616635799 1.3646607399 -0.26446208 0.47238585
1636905942.23 -0.562388837337 0.666379868984 1.32215738297 -0.26446208 0.47238585
