1636904110.77 -0.475189745426 0.46391376853 0.315899044275 -0.17744917 -0.52422565 0.310000181198
1636904130.18 -0.355025827885 0.512024104595 0.381706655025 -0.17744917 -0.52422565 0.245000123978
1636904132.35 -0.472245007753 0.466448068619 0.220862731338 -0.17744917 -0.52422565 1.39199995995
1636904135.21 -0.562822341919 0.468323469162 0.451269477606 -0.17744917 -0.52422565 0.283999919891
1636904158.88 -0.288572579622 0.467283338308 0.42681184411 -0.17744917 -0.52422565 0.641999959946
1636904158.9 -0.286355257034 0.465410023928 0.430249989033 -0.17744917 -0.52422565 0.0090000629425
1636904187.29 -0.508599340916 0.467659473419 0.245620191097 -0.17744917 -0.52422565 0.167000055313
1636904187.68 -0.572237551212 0.470239281654 0.325126230717 -0.17744917 -0.52422565 0.174999952316
1636904189.46 -0.3762139678 0.458915054798 0.520569264889 -0.17744917 -0.52422565 1.54200005531
1636904189.77 -0.330846011639 0.458060026169 0.498288303614 -0.17744917 -0.52422565 0.0670001506805
1636904203.16 -0.499089092016 0.634902179241 0.410591065884 -0.17744917 -0.52422565 1.78299999237
1636904205.33 -0.465421020985 0.485853970051 0.443897843361 -0.17744917 -0.52422565 0.134000062943
1636904206.36 -0.363087415695 0.655394792557 0.411885261536 -0.17744917 -0.52422565 0.261000156403
1636904207.32 -0.342270582914 0.485967099667 0.500661671162 -0.17744917 -0.52422565 0.881999969482
1636904223.32 -0.355041801929 0.46511259675 0.244180962443 -0.17744917 -0.52422565 0.492000102997
1636904234.93 -0.453349024057 0.527440488338 0.228028342128 -0.17744917 -0.52422565 0.5
1636904235.87 -0.466522306204 0.708344936371 0.248989701271 -0.17744917 -0.52422565 0.517000198364
1636904237.41 -0.382221370935 0.542959213257 0.435660243034 -0.17744917 -0.52422565 0.461999893188
1636904237.53 -0.38268750906 0.54753869772 0.434453487396 -0.17744917 -0.52422565 0.0330002307892
1636904237.57 -0.383075237274 0.545985221863 0.434624940157 -0.17744917 -0.52422565 0.0249998569489
1636904237.59 -0.38279736042 0.545645773411 0.434605419636 -0.17744917 -0.52422565 0.00899982452393
1636904237.63 -0.382427603006 0.545120000839 0.434210598469 -0.17744917 -0.52422565 0.0160000324249
1636904237.67 -0.382310509682 0.544372081757 0.434141337872 -0.17744917 -0.52422565 0.0340001583099
1636904237.7 -0.383158922195 0.543996810913 0.435060113668 -0.17744917 -0.52422565 0.0250000953674
1636904238.88 -0.344515949488 0.458554953337 0.438235163689 -0.17744917 -0.52422565 1.15999984741
1636904241.62 -0.280533105135 0.660680830479 0.356383383274 -0.17744917 -0.52422565 1.63700008392
1636904258.0 -0.538261830807 0.509328365326 0.270105421543 -0.17744917 -0.52422565 0.417999982834
1636904266.86 -0.504437208176 0.672763824463 0.401465207338 -0.17744917 -0.52422565 1.18400001526
1636904270.28 -0.346995830536 0.549816966057 0.505365252495 -0.17744917 -0.52422565 1.11699986458
1636904272.27 -0.490396410227 0.464250952005 0.513982713223 -0.17744917 -0.52422565 0.934000015259
1636904273.4 -0.492841094732 0.465038776398 0.513170659542 -0.17744917 -0.52422565 0.592000007629
1636904279.35 -0.514673233032 0.700035095215 0.305950731039 -0.17744917 -0.52422565 0.516999959946
1636904291.61 -0.356840968132 0.481305539608 0.325914561749 -0.17744917 -0.52422565 0.921999931335
1636904294.53 -0.338726490736 0.689060211182 0.374684035778 0.00077052665 0.62426144 2.63400006294
1636904299.47 -0.207067534328 0.510402560234 1.71236407757 0.00077052665 0.62426144 0.865999937057
1636904304.27 -0.249434784055 0.643790364265 1.44836735725 0.00077052665 0.62426144 0.351999998093
1636904305.0 -0.288455247879 0.549363136292 1.43032181263 0.00077052665 0.62426144 0.624000072479
1636904319.15 -0.320028364658 0.537988901138 1.54827702045 0.00077052665 0.62426144 0.694999933243
1636904334.26 -0.303793430328 0.656054496765 1.3846372366 0.00077052665 0.62426144 1.44599986076
1636904335.58 -0.259569823742 0.453308612108 1.37137567997 0.00077052665 0.62426144 0.290000200272
1636904361.79 -0.341258555651 0.523173868656 1.64406859875 0.00077052665 0.62426144 0.441999912262
1636904366.14 -0.05925475806 0.46912458539 1.6344063282 0.00077052665 0.62426144 0.50200009346
1636904370.23 -0.39173540473 0.526750206947 1.4759683609 0.00077052665 0.62426144 0.592000007629
1636904372.32 -0.205135405064 0.547226071358 1.46251678467 0.00077052665 0.62426144 1.29200005531
1636904373.96 -0.256152898073 0.690524101257 1.44843137264 0.00077052665 0.62426144 0.386999845505
1636904375.38 -0.220111593604 0.653885900974 1.59385812283 0.00077052665 0.62426144 0.300999879837
1636904377.05 -0.102889075875 0.457994610071 1.58497977257 0.00077052665 0.62426144 1.35899996758
1636904388.48 -0.351358801126 0.472047865391 1.41007602215 0.00077052665 0.62426144 0.717000007629
1636904415.22 -0.315570026636 0.590444862843 1.38880515099 0.00077052665 0.62426144 0.342000007629
1636904417.0 -0.208777025342 0.518255770206 1.67003107071 0.00077052665 0.62426144 0.809000015259
1636904421.14 -0.27477812767 0.517721652985 1.67229044437 0.00077052665 0.62426144 0.925999879837
1636904438.76 -0.176391139627 0.626738369465 1.5474807024 0.00077052665 0.62426144 0.393999814987
1636904439.53 -0.173060566187 0.639037191868 1.53354108334 0.00077052665 0.62426144 0.268000125885
1636904440.93 -0.170894056559 0.649730563164 1.5317453146 0.00077052665 0.62426144 0.830999851227
1636904444.36 -0.189321026206 0.507150530815 1.67114806175 0.00077052665 0.62426144 1.12400007248
1636904446.18 -0.146977692842 0.66648209095 1.61858189106 0.00077052665 0.62426144 0.516000032425
1636904452.38 -0.284140735865 0.461538285017 1.45562648773 0.00077052665 0.62426144 0.566999912262
1636904454.74 -0.345144867897 0.523367464542 1.40681135654 0.00077052665 0.62426144 1.90400004387
1636904467.52 -0.265020191669 0.489154100418 1.69081926346 0.00077052665 0.62426144 1.29199981689
1636904468.77 -0.142409473658 0.632181704044 1.59770095348 0.00077052665 0.62426144 0.516999959946
1636904480.23 -0.298202961683 0.693179130554 1.42115330696 -0.23381542 0.23944011 2.992000103
1636904487.66 -0.55534017086 0.463679552078 0.984934270382 -0.23381542 0.23944011 1.49799990654
1636904500.72 -0.533523261547 0.498859286308 0.994944036007 -0.23381542 0.23944011 0.740999937057
1636904502.33 -0.578477978706 0.674343168736 1.02622783184 -0.23381542 0.23944011 0.515000104904
1636904506.73 -0.559257209301 0.459977388382 1.13379395008 -0.23381542 0.23944011 0.680000066757
1636904509.32 -0.38387465477 0.492794930935 1.25281059742 -0.23381542 0.23944011 1.90400004387
1636904534.45 -0.562557399273 0.504205822945 1.01038229465 -0.23381542 0.23944011 0.658999919891
1636904544.6 -0.596172392368 0.605201482773 1.0387762785 -0.23381542 0.23944011 0.75
1636904544.81 -0.606310486794 0.667262613773 1.05143988132 -0.23381542 0.23944011 0.116999864578
1636904587.26 -0.522425174713 0.655016303062 1.20487689972 -0.23381542 0.23944011 0.744000196457
1636904588.73 -0.558781325817 0.669745147228 1.15447807312 -0.23381542 0.23944011 1.08700013161
1636904589.2 -0.529791414738 0.718897819519 1.2001183033 -0.23381542 0.23944011 0.259000062943
1636904589.22 -0.532064855099 0.719362437725 1.20058751106 -0.23381542 0.23944011 0.00799989700317
1636904589.68 -0.555495142937 0.547213852406 1.1163841486 -0.23381542 0.23944011 0.147000074387
1636904600.92 -0.347591072321 0.653311491013 1.0752851963 -0.23381542 0.23944011 1.66400003433
1636904618.25 -0.55980694294 0.6943551898 1.17650902271 -0.23381542 0.23944011 1.14999985695
1636904623.2 -0.508505046368 0.660074234009 1.23393213749 -0.23381542 0.23944011 2.757999897
1636904624.92 -0.475964486599 0.46040803194 1.06535339355 -0.23381542 0.23944011 1.11100006104
1636904626.46 -0.449432492256 0.455520749092 1.06600677967 -0.23381542 0.23944011 0.321000099182
1636904626.5 -0.446131408215 0.455827772617 1.06167590618 -0.23381542 0.23944011 0.0269999504089
1636904637.1 -0.532114565372 0.458720862865 1.21531915665 -0.23381542 0.23944011 0.0789999961853
1636904637.73 -0.426720321178 0.464972108603 1.19371008873 -0.23381542 0.23944011 0.557999849319
1636904637.81 -0.414330244064 0.45377266407 1.17931306362 -0.23381542 0.23944011 0.00899982452393
1636904641.08 -0.442139446735 0.459001898766 0.994565784931 -0.23381542 0.23944011 3.18400001526
1636904646.61 -0.505449056625 0.463517904282 0.990123212337 -0.23381542 0.23944011 0.0169999599457
1636904647.12 -0.542330265045 0.45965269208 1.00019240379 -0.23381542 0.23944011 0.506000041962
1636904648.42 -0.396221607924 0.532192289829 1.26263844967 -0.23381542 0.23944011 0.759000062943
1636904651.7 -0.517531037331 0.623464047909 1.26607108116 0.018409578 -0.59914666 0.558000087738
1636904661.57 -0.294281452894 0.67953979969 0.253868699074 0.018409578 -0.59914666 0.480999946594
1636904663.07 -0.133415728807 0.4597248137 0.295872956514 0.018409578 -0.59914666 0.598999977112
1636904680.34 -0.0816733986139 0.477561056614 0.264903128147 0.018409578 -0.59914666 1.59500002861
1636904742.33 -0.306121528149 0.535418629646 0.276344656944 0.018409578 -0.59914666 0.259999990463
1636904750.53 -0.247172653675 0.684323787689 0.225664198399 0.018409578 -0.59914666 2.06199979782
1636904751.65 -0.230369761586 0.688247084618 0.225706085563 0.018409578 -0.59914666 0.0090000629425
1636904751.81 -0.229592874646 0.683570444584 0.225765556097 0.018409578 -0.59914666 0.142000198364
1636904753.44 -0.172534018755 0.461351156235 0.437989026308 0.018409578 -0.59914666 1.2539999485
1636904763.44 -0.355251401663 0.465975493193 0.210747003555 0.018409578 -0.59914666 0.882999897003
1636904767.83 -0.15497623384 0.646760284901 0.173779755831 0.018409578 -0.59914666 1.15900015831
1636904772.83 -0.378289937973 0.465707689524 0.343998223543 0.018409578 -0.59914666 1.51699995995
1636904783.23 -0.145414113998 0.532102227211 0.178827434778 0.018409578 -0.59914666 0.200999975204
1636904810.9 -0.0794343054295 0.485340744257 0.316268086433 0.018409578 -0.59914666 0.717000007629
1636904835.52 -0.293058991432 0.674176931381 0.253231942654 0.018409578 -0.59914666 0.150000095367
1636904836.77 -0.276489168406 0.670973181725 0.238367825747 0.018409578 -0.59914666 0.517000198364
1636904845.38 -0.309695452452 0.664633512497 0.308461606503 0.018409578 -0.59914666 2.52200007439
1636904856.53 -0.281516849995 0.467191666365 0.240293741226 0.018409578 -0.59914666 0.638999938965
1636904856.55 -0.280154705048 0.46861833334 0.237300977111 0.018409578 -0.59914666 0.00800013542175
1636904856.58 -0.280328512192 0.468998670578 0.236195892096 0.018409578 -0.59914666 0.0169999599457
1636904856.6 -0.283021062613 0.47360265255 0.232366502285 0.018409578 -0.59914666 0.0169999599457
1636904857.87 -0.287548363209 0.538665473461 0.157262280583 0.018409578 -0.59914666 0.996000051498
1636904911.11 -0.0959139615297 0.461070358753 0.240357249975 0.018409578 -0.59914666 0.490999937057
1636904916.35 -0.179224789143 0.663162767887 0.349009811878 0.07696051 0.17764385 1.18499994278
1636904920.08 -0.131956651807 0.451822936535 1.14097464085 0.07696051 0.17764385 0.318000078201
1636904920.62 -0.193782165647 0.481763720512 1.15005755424 0.07696051 0.17764385 0.404000043869
1636904926.59 -0.215039804578 0.52669095993 1.22321164608 0.07696051 0.17764385 1.61699986458
1636904927.5 -0.167581766844 0.672057330608 1.1970821619 0.07696051 0.17764385 0.541999816895
1636904934.98 -0.185630187392 0.661452889442 1.00331807137 0.07696051 0.17764385 0.125
1636904938.55 -0.157658904791 0.515844762325 1.15115237236 0.07696051 0.17764385 0.218999862671
1636904940.08 -0.103960156441 0.553407967091 1.21336340904 0.07696051 0.17764385 0.996999979019
1636904954.9 -0.124573275447 0.500583767891 1.22041654587 0.07696051 0.17764385 0.491999864578
1636904985.19 -0.246563822031 0.482357740402 1.20868682861 0.07696051 0.17764385 0.509000062943
1636905004.47 -0.117428272963 0.623328149319 1.02719855309 0.07696051 0.17764385 1.51200008392
1636905005.42 -0.109501741827 0.598745048046 1.03752470016 0.07696051 0.17764385 0.270999908447
1636905006.64 -0.0987313985825 0.64109903574 1.06311774254 0.07696051 0.17764385 0.873999834061
1636905015.97 -0.150375276804 0.52654504776 1.00495505333 0.07696051 0.17764385 0.0340001583099
1636905016.99 -0.120758026838 0.614085316658 1.02193045616 0.07696051 0.17764385 0.337000131607
1636905018.2 -0.1058562994 0.697955608368 1.04024934769 0.07696051 0.17764385 0.225000143051
1636905018.94 -0.204154655337 0.664042830467 1.00720703602 0.07696051 0.17764385 0.410000085831
1636905020.5 -0.101323001087 0.613196372986 1.05560231209 0.07696051 0.17764385 0.583999872208
1636905020.75 -0.104598924518 0.641863584518 1.04385864735 0.07696051 0.17764385 0.225999832153
1636905022.89 -0.164605498314 0.52953594923 0.925011634827 0.07696051 0.17764385 1.02099990845
1636905032.83 -0.107436425984 0.536399483681 1.2127122879 0.07696051 0.17764385 0.684000015259
1636905034.95 -0.114765942097 0.625179648399 1.12537252903 0.07696051 0.17764385 1.97499990463
1636905041.37 -0.221922725439 0.514330565929 1.01950371265 0.07696051 0.17764385 0.167000055313
1636905043.0 -0.0310573503375 0.497781634331 1.01312041283 0.07696051 0.17764385 0.916999816895
1636905055.18 -0.189867764711 0.497486621141 1.22816634178 0.07696051 0.17764385 0.557999849319
1636905098.39 -0.0575903132558 0.45508608222 1.17605507374 0.07696051 0.17764385 0.358999967575
1636905106.79 -0.138549238443 0.522542357445 1.01011633873 0.07696051 0.17764385 0.611999988556
1636905107.14 -0.140096113086 0.520475924015 1.00984549522 0.07696051 0.17764385 0.335999965668
1636905108.43 -0.150141686201 0.64784860611 1.00506424904 0.07696051 0.17764385 0.776000022888
1636905120.98 -0.0987505987287 0.568918406963 1.06295621395 0.07696051 0.17764385 0.600000143051
1636905131.56 -0.204336553812 0.63907712698 1.00517761707 0.07696051 0.17764385 0.266000032425
1636905135.15 -0.0215636156499 0.514446079731 1.09180545807 0.07696051 0.17764385 1.22499990463
1636905157.05 -0.114474840462 0.497187018394 1.21728694439 0.07696051 0.17764385 0.0999999046326
1636905160.18 -0.131041273475 0.623876512051 1.08707094193 0.15023957 -0.3503176 0.644999980927
1636905173.17 0.0326912850142 0.472356706858 0.481258034706 0.15023957 -0.3503176 1.26699995995
1636905182.3 0.02434717305 0.450413048267 0.631201148033 0.15023957 -0.3503176 0.375
1636905216.1 -0.0493504405022 0.516975700855 0.69246917963 0.15023957 -0.3503176 0.500999927521
1636905237.73 -0.103329479694 0.683242678642 0.473208010197 0.15023957 -0.3503176 1.42900013924
1636905240.0 0.0478915423155 0.467186033726 0.561429381371 0.15023957 -0.3503176 1.21199989319
1636905242.96 -0.0741985291243 0.67923283577 0.479064077139 0.15023957 -0.3503176 1.52500009537
1636905244.65 -0.241353675723 0.468038231134 0.613607883453 0.15023957 -0.3503176 1.125
1636905247.13 0.0324789360166 0.445951282978 0.620743334293 0.15023957 -0.3503176 0.875999927521
1636905250.04 -0.219195723534 0.54144179821 0.454703986645 0.15023957 -0.3503176 0.817000150681
1636905252.65 -0.223759680986 0.667124211788 0.52579164505 0.15023957 -0.3503176 0.516999959946
1636905261.84 -0.158059969544 0.481999188662 0.409619987011 0.15023957 -0.3503176 1.63399982452
1636905328.06 -0.03700665012 0.51330769062 0.510436475277 0.15023957 -0.3503176 0.184000015259
1636905329.88 -0.055306121707 0.674295186996 0.488945513964 0.15023957 -0.3503176 0.201999902725
1636905331.07 -0.0269200280309 0.663415253162 0.556858837605 0.15023957 -0.3503176 0.191999912262
1636905331.93 -0.0552449822426 0.70261824131 0.490046650171 0.15023957 -0.3503176 0.393000125885
1636905333.15 -0.0384818091989 0.649827241898 0.593311905861 0.15023957 -0.3503176 0.789000034332
1636905336.0 -0.143294453621 0.454326182604 0.484753668308 0.15023957 -0.3503176 0.184000015259
1636905337.82 -0.0453717187047 0.465250909328 0.69411689043 0.15023957 -0.3503176 0.97200012207
1636905343.53 -0.205059856176 0.458358585835 0.651780486107 0.15023957 -0.3503176 0.0169999599457
1636905343.87 -0.255621612072 0.458975881338 0.55516153574 0.15023957 -0.3503176 0.325999975204
1636905347.82 -0.0179369933903 0.452154219151 0.701350569725 0.15023957 -0.3503176 0.483999967575
1636905356.96 0.0196513645351 0.497502565384 0.459676742554 0.15023957 -0.3503176 0.625
1636905371.75 -0.104857772589 0.542873799801 0.397456914186 0.15023957 -0.3503176 0.950000047684
1636905372.34 -0.106704339385 0.68186455965 0.398622989655 0.15023957 -0.3503176 0.0090000629425
1636905372.67 -0.114388391376 0.696305274963 0.399483114481 0.15023957 -0.3503176 0.233999967575
1636905372.89 -0.0958468317986 0.695745289326 0.398591578007 0.15023957 -0.3503176 0.0839998722076
1636905400.45 -0.0355519838631 0.5299243927 0.51250487566 0.15023957 -0.3503176 0.25
1636905401.43 -0.0457231923938 0.6491330266 0.512728095055 0.18988091 0.7515187 0.509999990463
1636905405.96 0.012715337798 0.543175756931 1.67482888699 0.18988091 0.7515187 0.27799987793
1636905406.34 0.0156000498682 0.644458711147 1.63872933388 0.18988091 0.7515187 0.15700006485
1636905408.27 0.0965065956116 0.460666507483 1.67632448673 0.18988091 0.7515187 1.51400017738
1636905412.14 0.0428753942251 0.52282255888 1.45263445377 0.18988091 0.7515187 1.31700015068
1636905430.13 0.0271501354873 0.675681650639 1.69607305527 0.18988091 0.7515187 2.92600011826
1636905436.59 -0.207129508257 0.467818170786 1.67742061615 0.18988091 0.7515187 1.81500005722
1636905447.21 0.00470894621685 0.668320775032 1.69163572788 0.18988091 0.7515187 1.71800017357
1636905448.96 -0.128035739064 0.659991085529 1.68110060692 0.18988091 0.7515187 0.403000116348
1636905450.93 -0.0601909868419 0.523147642612 1.49822759628 0.18988091 0.7515187 1.54500007629
1636905459.48 0.0968419164419 0.46602371335 1.66620004177 0.18988091 0.7515187 0.786999940872
1636905461.12 0.0455782748759 0.692057549953 1.75945866108 0.18988091 0.7515187 0.516999959946
1636905463.8 -0.0838794410229 0.578125357628 1.72234964371 0.18988091 0.7515187 0.238000154495
1636905464.85 -0.131072744727 0.463653117418 1.6713770628 0.18988091 0.7515187 0.807999849319
1636905466.36 -0.133315354586 0.673649013042 1.6592386961 0.18988091 0.7515187 0.275000095367
1636905466.9 -0.126284733415 0.698346853256 1.68383896351 0.18988091 0.7515187 0.0929999351501
1636905468.47 0.152806565166 0.486283302307 1.65026700497 0.18988091 0.7515187 1.47000002861
1636905475.82 0.0953139513731 0.496023654938 1.68374419212 0.18988091 0.7515187 0.916999816895
1636905476.35 0.0605810806155 0.660264492035 1.74334013462 0.18988091 0.7515187 0.116999864578
1636905477.47 -0.050140555948 0.702429234982 1.76555740833 0.18988091 0.7515187 0.516999959946
1636905490.45 0.0174204818904 0.53020888567 1.64077281952 0.18988091 0.7515187 0.0090000629425
1636905490.54 0.0135360378772 0.533053874969 1.66985321045 0.18988091 0.7515187 0.0789999961853
1636905490.56 0.0134918019176 0.534729957581 1.67116451263 0.18988091 0.7515187 0.00799989700317
1636905494.27 -0.0348041430116 0.677300214767 1.5293674469 0.29110074 -0.36776832 2.52300000191
1636905501.0 0.00583231449127 0.55387121439 0.463822901249 0.29110074 -0.36776832 0.0169999599457
1636905502.72 0.156099751592 0.68779695034 0.437019079924 0.29110074 -0.36776832 1.71300005913
1636905503.27 0.150359228253 0.712350070477 0.430305719376 0.29110074 -0.36776832 0.401000022888
1636905503.99 0.130218416452 0.69200104475 0.431020796299 0.29110074 -0.36776832 0.507999897003
1636905509.44 0.0794447958469 0.449058920145 0.597299039364 0.29110074 -0.36776832 0.401000022888
1636905525.55 0.0963406860828 0.545936405659 0.481394648552 0.29110074 -0.36776832 0.243000030518
1636905526.32 0.0821530595422 0.638508617878 0.469734430313 0.29110074 -0.36776832 0.145999908447
1636905526.89 0.109649039805 0.625531792641 0.504315316677 0.29110074 -0.36776832 0.253000020981
1636905528.95 0.138911098242 0.544099986553 0.643910050392 0.29110074 -0.36776832 1.32299995422
1636905530.15 0.113619983196 0.679298043251 0.637650728226 0.29110074 -0.36776832 0.858000040054
1636905553.04 0.177801340818 0.658013045788 0.550896942616 0.29110074 -0.36776832 3.14199995995
1636905554.05 0.103635877371 0.666431128979 0.571013629436 0.29110074 -0.36776832 0.391999959946
1636905565.44 -0.0146094895899 0.674357831478 0.478382587433 0.29110074 -0.36776832 0.425000190735
1636905567.72 0.103967495263 0.49268463254 0.395043253899 0.29110074 -0.36776832 2.20499992371
1636905577.96 -0.0262780226767 0.701253652573 0.600500226021 0.29110074 -0.36776832 1.20799994469
1636905578.57 -0.0224676504731 0.508514821529 0.483159482479 0.29110074 -0.36776832 0.424999952316
1636905584.22 0.0317605286837 0.450635641813 0.60633701086 0.29110074 -0.36776832 0.730000019073
1636905593.37 0.0462424829602 0.521706163883 0.455934286118 0.29110074 -0.36776832 0.335000038147
1636905594.26 -0.0263448953629 0.677628159523 0.490858852863 0.29110074 -0.36776832 0.759999990463
1636905596.04 -0.00199743825942 0.530134737492 0.383957535028 0.29110074 -0.36776832 0.93700003624
1636905657.95 0.0361993908882 0.675080537796 0.488935232162 -0.1013244 -0.20243552 0.986000061035
1636905664.41 -0.407139718533 0.459749907255 0.645718753338 -0.1013244 -0.20243552 0.630000114441
1636905666.05 -0.499133259058 0.527020454407 0.739008069038 -0.1013244 -0.20243552 0.983999967575
1636905676.68 -0.502871215343 0.46863168478 0.667705357075 -0.1013244 -0.20243552 0.592000007629
1636905692.51 -0.203746646643 0.526831865311 0.716701984406 -0.1013244 -0.20243552 0.508999824524
1636905713.34 -0.472441732883 0.474449217319 0.606862902641 -0.1013244 -0.20243552 0.424999952316
1636905732.75 -0.403309315443 0.633568584919 0.641451358795 -0.1013244 -0.20243552 0.84500002861
1636905744.36 -0.422040164471 0.524164140224 0.668453991413 -0.1013244 -0.20243552 0.218000173569
1636905745.13 -0.427723616362 0.677386879921 0.706421732903 -0.1013244 -0.20243552 0.226000070572
1636905746.44 -0.382096201181 0.539165854454 0.55006223917 -0.1013244 -0.20243552 0.944999933243
1636905749.37 -0.43449819088 0.462694585323 0.570075452328 -0.1013244 -0.20243552 0.0090000629425
1636905753.28 -0.281592607498 0.457127720118 0.83204305172 -0.1013244 -0.20243552 3.89199995995
1636905769.63 -0.282588094473 0.513401210308 0.563805937767 -0.1013244 -0.20243552 0.566999912262
1636905794.94 -0.207190126181 0.508551299572 0.734696447849 -0.1013244 -0.20243552 0.242000102997
1636905808.22 -0.426762998104 0.691866636276 0.711875677109 -0.1013244 -0.20243552 0.872000217438
1636905809.41 -0.393071889877 0.672708928585 0.633997499943 -0.1013244 -0.20243552 0.804000139236
1636905815.84 -0.318556725979 0.50522261858 0.765445590019 -0.1013244 -0.20243552 0.0860002040863
1636905817.23 -0.501560032368 0.571355640888 0.728446483612 -0.1013244 -0.20243552 1.02100014687
1636905828.97 -0.498591572046 0.467987298965 0.656693637371 -0.1013244 -0.20243552 0.859999895096
1636905833.68 -0.346705943346 0.613122999668 0.546936452389 -0.1013244 -0.20243552 0.275000095367
1636905843.35 -0.375660806894 0.682632982731 0.58792501688 -0.1013244 -0.20243552 0.816999912262
1636905846.42 -0.209585979581 0.453949451447 0.641979753971 -0.1013244 -0.20243552 1.08799982071
1636905861.97 -0.446260213852 0.695743739605 0.680797994137 -0.1013244 -0.20243552 1.28399991989
1636905867.26 -0.382929325104 0.461243599653 0.846622824669 -0.1013244 -0.20243552 2.43400001526
1636905870.35 -0.49927046895 0.4628944695 0.663938999176 -0.1013244 -0.20243552 0.474999904633
1636905870.63 -0.456593424082 0.461820781231 0.588609695435 -0.1013244 -0.20243552 0.176000118256
1636905877.22 -0.501511991024 0.629355609417 0.720985949039 -0.1013244 -0.20243552 0.408999919891
1636905878.86 -0.475216329098 0.707495391369 0.736018180847 -0.26446208 0.47238585 0.509000062943
1636905882.89 -0.466242522001 0.460346639156 1.31493639946 -0.26446208 0.47238585 0.0919997692108
1636905883.17 -0.442048221827 0.460613429546 1.35121762753 -0.26446208 0.47238585 0.0599999427795
1636905884.38 -0.487829953432 0.459956854582 1.44461154938 -0.26446208 0.47238585 0.503999948502
1636905884.9 -0.45453453064 0.45969837904 1.43364787102 -0.26446208 0.47238585 0.471999883652
1636905886.63 -0.400059491396 0.496129631996 1.48111844063 -0.26446208 0.47238585 1.47499990463
1636905890.23 -0.400196611881 0.459548085928 1.27377808094 -0.26446208 0.47238585 1.03399991989
1636905938.23 -0.613086283207 0.623616635799 1.3646607399 -0.26446208 0.47238585 0.717000007629
1636905940.78 -0.510108053684 0.628964185715 1.29824125767 -0.26446208 0.47238585 0.40700006485
1636905943.94 -0.572833001614 0.47648742795 1.23003554344 -0.26446208 0.47238585 2.242000103
1636905950.25 -0.642124176025 0.678752481937 1.45392143726 -0.26446208 0.47238585 1.42499995232
