1617034991.67 -0.399039417505 0.702230751514 0.243554979563 -0.17744917 -0.52422565
1617035054.5 -0.431955873966 0.671133995056 0.295430094004 -0.17744917 -0.52422565
1617035082.24 -0.378789126873 0.694192767143 0.272316366434 -0.17744917 -0.52422565
1617035154.41 -0.369368433952 0.711378097534 0.326276540756 -0.17744917 -0.52422565
1617035161.02 -0.41989788413 0.713344693184 0.293719619513 -0.17744917 -0.52422565
1617035232.08 -0.370824187994 0.702251791954 0.269671440125 -0.17744917 -0.52422565
1617035239.27 -0.40372210741 0.720398485661 0.31393301487 -0.17744917 -0.52422565
1617035344.74 -0.434439539909 0.725634753704 0.226909399033 -0.17744917 -0.52422565
1617035351.46 -0.429327726364 0.698280870914 0.289443165064 -0.17744917 -0.52422565
1617035417.42 -0.377437442541 0.700857281685 0.322048574686 -0.17744917 -0.52422565
1617035425.72 -0.370898604393 0.724644780159 0.187719732523 -0.10825856 -0.56294477
1617035515.45 -0.305947780609 0.729350924492 0.221216067672 -0.10825856 -0.56294477
1617035517.45 -0.314209550619 0.72622102499 0.214659228921 -0.10825856 -0.56294477
1617035585.25 -0.378050923347 0.698158025742 0.220460757613 -0.10825856 -0.56294477
1617035594.06 -0.339488536119 0.697964370251 0.287942886353 -0.10825856 -0.56294477
1617035598.77 -0.406918466091 0.70064085722 0.224308282137 -0.10825856 -0.56294477
1617035607.73 -0.346358418465 0.704613029957 0.251909852028 -0.10825856 -0.56294477
1617035680.68 -0.354908138514 0.715615153313 0.216132506728 -0.10825856 -0.56294477
1617035686.79 -0.344232141972 0.722557544708 0.206181168556 -0.10825856 -0.56294477
1617035773.68 -0.309504449368 0.716869413853 0.255021691322 -0.10825856 -0.56294477
1617035792.43 -0.22295473516 0.729882240295 0.885237574577 0.02995134 0.07176176
1617035869.82 -0.17748773098 0.68940192461 0.92052346468 0.02995134 0.07176176
1617035893.59 -0.168422147632 0.685786783695 0.897582113743 0.02995134 0.07176176
1617035895.8 -0.171689257026 0.714866101742 0.854314386845 0.02995134 0.07176176
1617035902.74 -0.271549165249 0.707014560699 0.937539339066 0.02995134 0.07176176
1617035968.49 -0.26562282443 0.690457820892 0.905778765678 0.02995134 0.07176176
1617035976.52 -0.169885188341 0.684361338615 0.905318677425 0.02995134 0.07176176
1617036054.67 -0.206269860268 0.698679208755 0.856319189072 0.02995134 0.07176176
1617036066.05 -0.24666647613 0.716160714626 0.94862228632 0.02995134 0.07176176
1617036128.66 -0.177335381508 0.725169837475 0.896659910679 0.02995134 0.07176176
1617036143.25 -0.440827041864 0.669034838676 0.574365913868 -0.2093716 -0.27156937
1617036145.26 -0.447941660881 0.697254538536 0.578118920326 -0.2093716 -0.27156937
1617036154.61 -0.406750649214 0.708156824112 0.567223072052 -0.2093716 -0.27156937
1617036217.83 -0.401684939861 0.632547974586 0.549550950527 -0.2093716 -0.27156937
1617036231.43 -0.46169000864 0.710991919041 0.520186007023 -0.2093716 -0.27156937
1617036297.06 -0.516914963722 0.673273682594 0.537454664707 -0.2093716 -0.27156937
1617036304.98 -0.398444950581 0.721685230732 0.530041456223 -0.2093716 -0.27156937
1617036327.03 -0.419421225786 0.689386308193 0.562740325928 -0.2093716 -0.27156937
1617036350.72 -0.419060349464 0.713387608528 0.528302550316 -0.2093716 -0.27156937
1617036431.3 -0.505735397339 0.668766796589 0.52251958847 -0.2093716 -0.27156937
1617036449.63 -0.303969681263 0.713364362717 0.406884998083 -0.10169899 -0.44138044
1617036520.71 -0.330691605806 0.687071561813 0.384600371122 -0.10169899 -0.44138044
1617036536.03 -0.358317792416 0.705505609512 0.312142133713 -0.10169899 -0.44138044
1617036602.17 -0.339230805635 0.64547342062 0.399172544479 -0.10169899 -0.44138044
1617036611.0 -0.357513695955 0.724867999554 0.320120871067 -0.10169899 -0.44138044
1617036691.35 -0.368899941444 0.717387616634 0.314498692751 -0.10169899 -0.44138044
1617036710.67 -0.2983469069 0.712700784206 0.392073631287 -0.10169899 -0.44138044
1617036712.74 -0.294368028641 0.727368235588 0.404547005892 -0.10169899 -0.44138044
1617036726.95 -0.351505935192 0.730275690556 0.344694912434 -0.10169899 -0.44138044
