1615991334.37 -0.405716359615 0.726585268974 0.268058359623 -0.17744917 -0.52422565
1615991399.36 -0.410511046648 0.713816404343 0.25476500392 -0.17744917 -0.52422565
1615991409.92 -0.44915664196 0.706915557384 0.251750469208 -0.17744917 -0.52422565
1615991472.69 -0.468962967396 0.710332810879 0.288377702236 -0.17744917 -0.52422565
1615991483.28 -0.405812978745 0.706695020199 0.245897382498 -0.17744917 -0.52422565
1615991545.55 -0.417226672173 0.703133523464 0.316370248795 -0.17744917 -0.52422565
1615991565.49 -0.401045203209 0.687078177929 0.310915440321 -0.17744917 -0.52422565
1615991628.7 -0.402218282223 0.679612576962 0.241440027952 -0.17744917 -0.52422565
1615991638.21 -0.456116914749 0.705484449863 0.327316135168 -0.17744917 -0.52422565
1615991671.38 -0.394600510597 0.720683336258 0.253796845675 -0.17744917 -0.52422565
1615991679.69 -0.445917010307 0.686255335808 1.17017364502 -0.19881792 0.39676368
1615991742.36 -0.47208610177 0.695281922817 1.17276930809 -0.19881792 0.39676368
1615991753.37 -0.48694062233 0.700262546539 1.20830750465 -0.19881792 0.39676368
1615991815.34 -0.465642035007 0.699895918369 1.22615599632 -0.19881792 0.39676368
1615991821.47 -0.468498170376 0.685948729515 1.17858850956 -0.19881792 0.39676368
1615991883.67 -0.479369163513 0.687462687492 1.17375850677 -0.19881792 0.39676368
1615991890.67 -0.4347692132 0.694154143333 1.16168546677 -0.19881792 0.39676368
1615991953.9 -0.486810088158 0.683091819286 1.18783819675 -0.19881792 0.39676368
1615991964.7 -0.458090513945 0.707623064518 1.15588498116 -0.19881792 0.39676368
1615992027.43 -0.491375386715 0.699881970882 1.20353138447 -0.19881792 0.39676368
1615992037.42 -0.145669847727 0.7046225667 0.338570177555 0.12754424 -0.4652513
1615992127.34 -0.116050884128 0.693008363247 0.336281895638 0.12754424 -0.4652513
1615992144.46 -0.144881188869 0.703318059444 0.341643214226 0.12754424 -0.4652513
1615992208.54 -0.158348277211 0.689887046814 0.319375574589 0.12754424 -0.4652513
1615992232.96 -0.112917900085 0.689330995083 0.33918762207 0.12754424 -0.4652513
1615992296.03 -0.125650823116 0.712895870209 0.385487556458 0.12754424 -0.4652513
1615992311.5 -0.0903521627188 0.704649865627 0.326633572578 0.12754424 -0.4652513
1615992375.76 -0.0902320295572 0.716550588608 0.376402378082 0.12754424 -0.4652513
1615992386.17 -0.094002507627 0.699794530869 0.318426400423 0.12754424 -0.4652513
1615992454.65 -0.124657273293 0.675877153873 0.375431001186 0.12754424 -0.4652513
1615992474.32 -0.0745074152946 0.685372829437 1.00734615326 0.21080244 0.20691098
1615992538.6 -0.0479105561972 0.646622061729 0.961157619953 0.21080244 0.20691098
1615992562.64 -0.0603554844856 0.705395996571 1.02690947056 0.21080244 0.20691098
1615992624.7 -0.0442590415478 0.680077135563 1.03244805336 0.21080244 0.20691098
1615992648.67 -0.0352358147502 0.672396540642 1.00548160076 0.21080244 0.20691098
1615992670.48 -0.0792872533202 0.671306014061 1.06653749943 0.21080244 0.20691098
1615992682.53 -0.0669577121735 0.646077692509 1.01709628105 0.21080244 0.20691098
1615992745.11 -0.0145231857896 0.676763832569 1.0496686697 0.21080244 0.20691098
1615992752.92 -0.0425363853574 0.694417119026 0.984787166119 0.21080244 0.20691098
1615992815.83 0.00756753236055 0.627298593521 1.00607025623 0.21080244 0.20691098
1615992826.98 -0.129210874438 0.673852980137 1.53060472012 0.10699181 0.7625388
1615992828.99 -0.162252277136 0.638026535511 1.62959933281 0.10699181 0.7625388
1615992845.55 -0.121016480029 0.681873142719 1.58426403999 0.10699181 0.7625388
1615992896.35 -0.121328681707 0.461428135633 1.53267288208 0.10699181 0.7625388
1615992907.42 -0.142320170999 0.622764825821 1.6261510849 0.10699181 0.7625388
1615993004.13 -0.138371020555 0.718839049339 1.54776239395 0.10699181 0.7625388
1615993014.94 -0.182494789362 0.717962682247 1.523209095 0.10699181 0.7625388
1615993016.95 -0.20666448772 0.705299854279 1.55725264549 0.10699181 0.7625388
1615993033.12 -0.134073764086 0.691009998322 1.52378153801 0.10699181 0.7625388
1615993056.57 -0.177565351129 0.664573907852 1.52180635929 0.10699181 0.7625388
1615993064.65 -0.151905044913 0.673028171062 0.976936042309 0.1380458 0.16585277
1615993073.45 -0.121283903718 0.691684782505 0.981571912766 0.1380458 0.16585277
1615993087.31 -0.0620608478785 0.706023991108 0.953291535378 0.1380458 0.16585277
