1615906700.64 -0.46323800087 0.713189423084 0.256168425083 -0.17744917 -0.52422565
1615906763.44 -0.484501242638 0.71536397934 0.33894598484 -0.17744917 -0.52422565
1615906774.8 -0.398338675499 0.699910581112 0.273507922888 -0.17744917 -0.52422565
1615906836.36 -0.408437252045 0.719471096992 0.285193949938 -0.17744917 -0.52422565
1615906847.42 -0.501666665077 0.642704963684 0.321582615376 -0.17744917 -0.52422565
1615906908.72 -0.430935263634 0.692929506302 0.27333766222 -0.17744917 -0.52422565
1615906911.0 -0.376878082752 0.695551037788 0.277334213257 -0.17744917 -0.52422565
1615906979.79 -0.391074031591 0.717207074165 0.274559378624 -0.17744917 -0.52422565
1615906993.68 -0.399959504604 0.708732128143 0.307021200657 -0.17744917 -0.52422565
1615907056.2 -0.401507914066 0.6938778162 0.269406527281 -0.17744917 -0.52422565
1615907063.72 -0.128082662821 0.714467763901 0.693125367165 0.08863418 -0.16144122
1615907125.88 -0.100092411041 0.712426424026 0.71133852005 0.08863418 -0.16144122
1615907133.87 -0.169495046139 0.661163568497 0.656667053699 0.08863418 -0.16144122
1615907197.24 -0.154700577259 0.691411614418 0.70599758625 0.08863418 -0.16144122
1615907206.82 -0.16020205617 0.662294387817 0.694697916508 0.08863418 -0.16144122
1615907272.55 -0.137264937162 0.675338327885 0.710922956467 0.08863418 -0.16144122
1615907278.39 -0.149192020297 0.693159997463 0.687604963779 0.08863418 -0.16144122
1615907286.31 -0.190744489431 0.702457785606 0.64600199461 0.08863418 -0.16144122
1615907294.65 -0.1684461236 0.659587204456 0.616385221481 0.08863418 -0.16144122
1615907313.09 -0.116837263107 0.688320815563 0.667443573475 0.08863418 -0.16144122
1615907319.87 -0.312211096287 0.671588122845 0.747184753418 -0.06985257 -0.07134634
1615907336.3 -0.315205097198 0.691723048687 0.764502048492 -0.06985257 -0.07134634
1615907344.54 -0.266596078873 0.683234453201 0.778090298176 -0.06985257 -0.07134634
1615907406.31 -0.360367804766 0.657576024532 0.729219973087 -0.06985257 -0.07134634
1615907420.11 -0.294900208712 0.699495434761 0.765195131302 -0.06985257 -0.07134634
1615907481.76 -0.368165135384 0.705036699772 0.766302287579 -0.06985257 -0.07134634
1615907504.07 -0.327508598566 0.684492647648 0.713457345963 -0.06985257 -0.07134634
1615907566.77 -0.362060725689 0.694448232651 0.782290220261 -0.06985257 -0.07134634
1615907576.84 -0.341783761978 0.684318482876 0.758268713951 -0.06985257 -0.07134634
1615907613.36 -0.360184431076 0.687725841999 0.750941872597 -0.06985257 -0.07134634
1615907623.5 -0.0314111411572 0.71059024334 0.528655648232 0.27633342 -0.34790787
1615907689.04 -0.0326288118958 0.696085393429 0.534720957279 0.27633342 -0.34790787
1615907699.02 -0.0110948234797 0.682168245316 0.557248234749 0.27633342 -0.34790787
1615907766.16 -0.00807408243418 0.699757218361 0.553488969803 0.27633342 -0.34790787
1615907778.62 0.0202242992818 0.688284337521 0.547407507896 0.27633342 -0.34790787
1615907842.73 -0.0031083971262 0.703224420547 0.545201361179 0.27633342 -0.34790787
1615907849.04 0.00993766263127 0.672455906868 0.536262869835 0.27633342 -0.34790787
1615907912.27 0.0230133607984 0.689763188362 0.558423399925 0.27633342 -0.34790787
1615907925.26 0.00722617655993 0.623670220375 0.465815454721 0.27633342 -0.34790787
1615907987.33 0.05867061764 0.668091833591 0.507728219032 0.27633342 -0.34790787
1615907993.91 -0.305643081665 0.680975556374 1.02715492249 -0.06559535 0.22098358
1615908062.43 -0.292646855116 0.673555493355 1.09930872917 -0.06559535 0.22098358
1615908075.54 -0.356141865253 0.659305751324 1.00631904602 -0.06559535 0.22098358
1615908140.93 -0.293113172054 0.665980160236 1.02613580227 -0.06559535 0.22098358
1615908159.28 -0.339635968208 0.678399682045 1.05214560032 -0.06559535 0.22098358
1615908227.77 -0.325596511364 0.699147641659 1.06025636196 -0.06559535 0.22098358
1615908234.38 -0.294162780046 0.687418162823 1.08397948742 -0.06559535 0.22098358
1615908250.09 -0.284089535475 0.563022315502 1.0183814764 -0.06559535 0.22098358
1615908271.62 -0.309104204178 0.651548922062 1.00894796848 -0.06559535 0.22098358
1615908288.07 -0.352821797132 0.503955364227 0.996415376663 -0.06559535 0.22098358
1615908302.34 -0.130968764424 0.678104281425 1.45550680161 0.07026038 0.6296578
1615908366.07 -0.13177511096 0.694712221622 1.50653445721 0.07026038 0.6296578
1615908371.92 -0.164042249322 0.707985699177 1.42302191257 0.07026038 0.6296578
1615908433.51 -0.236928090453 0.702921688557 1.48414862156 0.07026038 0.6296578
1615908443.29 -0.139220565557 0.684394717216 1.46445953846 0.07026038 0.6296578
1615908506.82 -0.235172912478 0.710383832455 1.50063467026 0.07026038 0.6296578
1615908513.25 -0.165124773979 0.687491178513 1.43903648853 0.07026038 0.6296578
1615908580.48 -0.20408244431 0.667988717556 1.44067120552 0.07026038 0.6296578
1615908594.26 -0.162753999233 0.704568326473 1.50221526623 0.07026038 0.6296578
1615908657.31 -0.178039982915 0.644791007042 1.46030557156 0.07026038 0.6296578
1615908682.24 -0.387734562159 0.69332242012 0.188693016768 -0.08622433 -0.68655795
1615908747.19 -0.314532846212 0.622590839863 0.0999402999878 -0.08622433 -0.68655795
1615908751.45 -0.350729227066 0.668200552464 0.180362820625 -0.08622433 -0.68655795
1615908815.58 -0.346330940723 0.621032357216 0.128572225571 -0.08622433 -0.68655795
1615908835.97 -0.331641316414 0.66280412674 0.170567914844 -0.08622433 -0.68655795
