1616061709.95 -0.464083731174 0.704907357693 0.278291612864 -0.17744917 -0.52422565
1616061773.27 -0.412517935038 0.709527254105 0.265417873859 -0.17744917 -0.52422565
1616061789.79 -0.454051822424 0.70771163702 0.290579795837 -0.17744917 -0.52422565
1616061854.47 -0.366853684187 0.71530854702 0.276320964098 -0.17744917 -0.52422565
1616061863.47 -0.458388864994 0.681296288967 0.345734924078 -0.17744917 -0.52422565
1616061928.81 -0.455157876015 0.694046258926 0.296870470047 -0.17744917 -0.52422565
1616061943.18 -0.451532542706 0.683718621731 0.314032077789 -0.17744917 -0.52422565
1616062006.9 -0.375413507223 0.70391023159 0.257557958364 -0.17744917 -0.52422565
1616062010.93 -0.486432522535 0.71124202013 0.28861579299 -0.17744917 -0.52422565
1616062080.25 -0.490889310837 0.713921964169 0.264583170414 -0.17744917 -0.52422565
1616062092.76 -0.344402462244 0.633273303509 0.654484272003 -0.024519807 -0.1607196
1616062156.33 -0.29304638505 0.660843491554 0.672751426697 -0.024519807 -0.1607196
1616062163.34 -0.278076559305 0.675689458847 0.700356841087 -0.024519807 -0.1607196
1616062224.73 -0.242965698242 0.664762735367 0.621384859085 -0.024519807 -0.1607196
1616062237.33 -0.225282892585 0.559960842133 0.618040442467 -0.024519807 -0.1607196
1616062302.13 -0.270406186581 0.667011082172 0.603513717651 -0.024519807 -0.1607196
1616062340.82 -0.223456829786 0.705382049084 0.632356762886 -0.024519807 -0.1607196
1616062402.75 -0.284827589989 0.679759979248 0.607353448868 -0.024519807 -0.1607196
1616062414.76 -0.285959661007 0.663815438747 0.711506068707 -0.024519807 -0.1607196
1616062433.27 -0.337018698454 0.670198976994 0.668289482594 -0.024519807 -0.1607196
1616062441.78 -0.440388321877 0.679643511772 0.795743942261 -0.21088006 -0.005263075
1616062504.88 -0.486081004143 0.656691133976 0.75054359436 -0.21088006 -0.005263075
1616062510.54 -0.477062791586 0.462390840054 0.868272066116 -0.21088006 -0.005263075
1616062572.33 -0.42478621006 0.703436255455 0.870425462723 -0.21088006 -0.005263075
1616062583.14 -0.52105730772 0.658387124538 0.782864451408 -0.21088006 -0.005263075
1616062661.61 -0.450888752937 0.710029006004 0.768830001354 -0.21088006 -0.005263075
1616062672.41 -0.418692439795 0.639760911465 0.847752988338 -0.21088006 -0.005263075
1616062735.13 -0.460306584835 0.723800122738 0.756343364716 -0.21088006 -0.005263075
1616062743.94 -0.501761317253 0.687282085419 0.822221875191 -0.21088006 -0.005263075
1616062796.75 -0.506308495998 0.692012548447 0.771655380726 -0.21088006 -0.005263075
1616062804.98 -0.278583616018 0.699930489063 0.589965224266 -0.0052238395 -0.18644586
1616062821.62 -0.211611479521 0.684227645397 0.584360599518 -0.0052238395 -0.18644586
1616062840.69 -0.275588005781 0.687137305737 0.663634181023 -0.0052238395 -0.18644586
1616062903.19 -0.272526830435 0.637210845947 0.655854821205 -0.0052238395 -0.18644586
1616062907.46 -0.21470156312 0.663930535316 0.684441387653 -0.0052238395 -0.18644586
1616062923.31 -0.30378356576 0.566375792027 0.611324429512 -0.0052238395 -0.18644586
1616062935.84 -0.269821047783 0.673319399357 0.635032653809 -0.0052238395 -0.18644586
1616063025.29 -0.258269578218 0.698333084583 0.670813500881 -0.0052238395 -0.18644586
1616063048.55 -0.218607902527 0.6786480546 0.653330862522 -0.0052238395 -0.18644586
1616063107.34 -0.304831802845 0.693463683128 0.627082288265 -0.0052238395 -0.18644586
1616063125.64 -0.515951454639 0.697528004646 1.4300069809 -0.26090255 0.6238209
1616063192.29 -0.537175893784 0.715225934982 1.39464688301 -0.26090255 0.6238209
1616063204.53 -0.543930709362 0.718528091908 1.46157550812 -0.26090255 0.6238209
1616063269.29 -0.491399407387 0.700851559639 1.42535007 -0.26090255 0.6238209
1616063282.38 -0.547489404678 0.713593065739 1.43517041206 -0.26090255 0.6238209
1616063347.66 -0.539138555527 0.659978866577 1.42869246006 -0.26090255 0.6238209
1616063353.93 -0.504982113838 0.677700400352 1.4189684391 -0.26090255 0.6238209
1616063417.54 -0.525265932083 0.698026001453 1.41612005234 -0.26090255 0.6238209
1616063430.88 -0.484099060297 0.674953699112 1.41829502583 -0.26090255 0.6238209
1616063498.34 -0.502167701721 0.690760314465 1.41543710232 -0.26090255 0.6238209
1616063512.39 -0.437850415707 0.701261878014 0.936949133873 -0.21955383 0.15496606
1616063574.22 -0.492404997349 0.679898142815 0.927975952625 -0.21955383 0.15496606
