1615819942.98 -0.421119809151 0.71276819706 0.253941059113 -0.17744917 -0.52422565
1615820005.15 -0.478045344353 0.714129090309 0.32164400816 -0.17744917 -0.52422565
1615820013.08 -0.480425238609 0.715054273605 0.271840661764 -0.17744917 -0.52422565
1615820030.3 -0.458959072828 0.707708537579 0.32246273756 -0.17744917 -0.52422565
1615820037.74 -0.452393233776 0.706117272377 0.362103104591 -0.17744917 -0.52422565
1615820107.6 -0.446606338024 0.693554699421 0.303711950779 -0.17744917 -0.52422565
1615820138.45 -0.481981098652 0.727159798145 0.300131738186 -0.17744917 -0.52422565
1615820199.88 -0.474741846323 0.701805174351 0.278567910194 -0.17744917 -0.52422565
1615820212.52 -0.490107655525 0.706997275352 0.297678291798 -0.17744917 -0.52422565
1615820236.49 -0.450206279755 0.724952816963 0.332411110401 -0.17744917 -0.52422565
1615820244.97 -0.0122039467096 0.672560214996 0.252033174038 0.19161843 -0.5776475
1615820322.72 -0.0510298348963 0.702964127064 0.232140824199 0.19161843 -0.5776475
1615820332.86 -0.0540554076433 0.706981778145 0.300552845001 0.19161843 -0.5776475
1615820396.42 -0.0523707978427 0.713920891285 0.245092779398 0.19161843 -0.5776475
1615820404.23 -0.117423996329 0.710854053497 0.263672500849 0.19161843 -0.5776475
1615820467.37 -0.0218883156776 0.714459300041 0.266667842865 0.19161843 -0.5776475
1615820483.61 -0.0732987076044 0.715278446674 0.230093628168 0.19161843 -0.5776475
1615820547.23 -0.0208436772227 0.651426613331 0.265724658966 0.19161843 -0.5776475
1615820554.37 -0.0380600839853 0.705677390099 0.252836763859 0.19161843 -0.5776475
1615820623.51 -0.0195945724845 0.72458165884 0.246171846986 0.19161843 -0.5776475
1615820638.26 -0.54963606596 0.705788016319 1.25833380222 -0.24361992 0.45079497
1615820701.61 -0.47430318594 0.718893408775 1.29588484764 -0.24361992 0.45079497
1615820714.17 -0.488565862179 0.709694206715 1.24102902412 -0.24361992 0.45079497
1615820781.2 -0.531863808632 0.701613545418 1.30462551117 -0.24361992 0.45079497
1615820793.52 -0.525373399258 0.718047380447 1.25576150417 -0.24361992 0.45079497
1615820858.15 -0.491094261408 0.68327832222 1.31672716141 -0.24361992 0.45079497
1615820872.35 -0.460589826107 0.700148582458 1.28473246098 -0.24361992 0.45079497
1615820935.45 -0.486188352108 0.688012123108 1.31166410446 -0.24361992 0.45079497
1615820945.19 -0.505288958549 0.681654393673 1.30160927773 -0.24361992 0.45079497
1615821019.86 -0.517803549767 0.712391018867 1.23830878735 -0.24361992 0.45079497
1615821047.96 -0.231366619468 0.688253164291 1.49775803089 -0.031801924 0.6501622
1615821127.43 -0.256649076939 0.700304090977 1.44534802437 -0.031801924 0.6501622
1615821144.28 -0.253129273653 0.701665520668 1.52615487576 -0.031801924 0.6501622
1615821206.31 -0.34050655365 0.683219313622 1.49553823471 -0.031801924 0.6501622
1615821216.93 -0.285797595978 0.682768523693 1.54064846039 -0.031801924 0.6501622
1615821279.04 -0.343772172928 0.718514978886 1.48390388489 -0.031801924 0.6501622
1615821293.5 -0.319198817015 0.681120216846 1.50836026669 -0.031801924 0.6501622
1615821355.2 -0.232858166099 0.709190011024 1.44443559647 -0.031801924 0.6501622
1615821363.44 -0.332409083843 0.691073536873 1.44121968746 -0.031801924 0.6501622
1615821426.76 -0.334520995617 0.672771811485 1.50056290627 -0.031801924 0.6501622
1615821443.68 -0.129917621613 0.669702768326 1.3036210537 0.16031958 0.47329658
1615821506.93 -0.066561691463 0.702426254749 1.31813216209 0.16031958 0.47329658
1615821519.96 -0.110499717295 0.665516018867 1.34388637543 0.16031958 0.47329658
1615821587.53 -0.105417668819 0.688744366169 1.31941699982 0.16031958 0.47329658
1615821602.94 -0.124452501535 0.686522781849 1.24831593037 0.16031958 0.47329658
1615821664.91 -0.168375313282 0.650193989277 1.3032463789 0.16031958 0.47329658
1615821673.46 -0.0590083934367 0.625057637691 1.31895899773 0.16031958 0.47329658
