1635165070.87 -0.463003277779 0.45935356617 0.307021647692 -0.17744917 -0.52422565 0.975999832153
1635165099.85 -0.300480812788 0.45712864399 0.255402088165 -0.17744917 -0.52422565 0.699999809265
1635165116.83 -0.425579816103 0.465953350067 0.452219158411 -0.17744917 -0.52422565 0.276999950409
1635165151.35 -0.397334933281 0.500726103783 0.307384222746 -0.17744917 -0.52422565 0.468999862671
1635165154.35 -0.433417737484 0.479134529829 0.45196852088 -0.17744917 -0.52422565 1.54499983788
1635165183.47 -0.447624206543 0.48628526926 0.451875418425 -0.17744917 -0.52422565 0.161999940872
1635165184.24 -0.424083799124 0.694569766521 0.451598763466 -0.17744917 -0.52422565 0.109000205994
1635165185.5 -0.39669084549 0.650445997715 0.443891227245 -0.17744917 -0.52422565 0.798000097275
1635165196.79 -0.421237468719 0.652403533459 0.451237738132 -0.17744917 -0.52422565 0.474999904633
1635165197.86 -0.377596288919 0.549306333065 0.440616339445 -0.17744917 -0.52422565 0.881000041962
1635165234.41 -0.347711354494 0.500882387161 0.388924956322 -0.17744917 -0.52422565 1.00499987602
1635165237.88 -0.37135669589 0.509372353554 0.22181174159 -0.17744917 -0.52422565 0.770999908447
1635165242.41 -0.362046569586 0.478520154953 0.417043745518 -0.17744917 -0.52422565 1.75100016594
1635165261.54 -0.386957854033 0.461528301239 0.266219615936 -0.17744917 -0.52422565 0.695999860764
1635165271.53 -0.362618982792 0.663603782654 0.341787397861 -0.17744917 -0.52422565 0.569000005722
1635165272.5 -0.431247293949 0.462132573128 0.451808124781 -0.17744917 -0.52422565 0.393000125885
1635165281.38 -0.383429855108 0.476961612701 0.317230910063 -0.17744917 -0.52422565 0.72100019455
1635165281.4 -0.386343598366 0.479219943285 0.314479142427 -0.17744917 -0.52422565 0.0090000629425
1635165281.91 -0.396038144827 0.638456225395 0.309693813324 -0.17744917 -0.52422565 0.047000169754
1635165282.89 -0.486015975475 0.545348584652 0.326620697975 -0.17744917 -0.52422565 0.978999853134
1635165339.93 -0.363794952631 0.543290555477 0.341339439154 -0.17744917 -0.52422565 0.684000015259
1635165342.25 -0.480229943991 0.466944158077 0.314454138279 -0.17744917 -0.52422565 0.657999992371
1635165357.22 -0.395165860653 0.685279250145 0.416617363691 0.26561603 -0.3035346 1.19499993324
1635165364.12 -0.0613700412214 0.664542198181 0.596305370331 0.26561603 -0.3035346 0.940999984741
1635165364.77 -0.0114480145276 0.579674184322 0.66805100441 0.26561603 -0.3035346 0.399999856949
1635165365.63 0.0800990387797 0.447691529989 0.636061429977 0.26561603 -0.3035346 0.167999982834
1635165367.38 0.0672514662147 0.634798645973 0.648940622807 0.26561603 -0.3035346 1.20500016212
1635165367.55 0.045941311866 0.647362589836 0.663856625557 0.26561603 -0.3035346 0.0419998168945
1635165368.15 -0.00273487786762 0.453218400478 0.520632266998 0.26561603 -0.3035346 0.282999992371
1635165368.17 0.00373424775898 0.455435603857 0.520051598549 0.26561603 -0.3035346 0.00899982452393
1635165375.98 0.0892337188125 0.444331586361 0.6033385396 0.26561603 -0.3035346 0.211999893188
1635165379.59 -0.051539581269 0.486118406057 0.643590092659 0.26561603 -0.3035346 0.715000152588
1635165392.38 -0.0369650572538 0.489981383085 0.538919210434 0.26561603 -0.3035346 2.04200005531
1635165409.49 0.0694578811526 0.468157112598 0.542797744274 0.26561603 -0.3035346 0.183000087738
1635165409.68 0.0344376638532 0.515575826168 0.483813107014 0.26561603 -0.3035346 0.00799989700317
1635165410.4 0.0235423780978 0.450312405825 0.487335622311 0.26561603 -0.3035346 0.708999872208
1635165411.11 -0.0602984726429 0.454310625792 0.580430984497 0.26561603 -0.3035346 0.180000066757
1635165411.67 -0.0508828237653 0.449992448092 0.634309411049 0.26561603 -0.3035346 0.366999864578
1635165411.78 -0.0346463955939 0.451633006334 0.653434753418 0.26561603 -0.3035346 0.0090000629425
1635165416.47 0.0769170671701 0.452786803246 0.335879206657 0.26561603 -0.3035346 1.80500006676
1635165423.59 0.0699461624026 0.44979223609 0.646124482155 0.26561603 -0.3035346 0.296999931335
1635165424.8 0.0414869524539 0.686450242996 0.665823221207 0.26561603 -0.3035346 0.442000150681
1635165425.32 0.0552108883858 0.45683658123 0.528979361057 0.26561603 -0.3035346 0.375
1635165435.12 -0.0397695787251 0.470708340406 0.540976583958 0.26561603 -0.3035346 0.329999923706
1635165436.09 0.0515977181494 0.576993644238 0.530730128288 0.26561603 -0.3035346 0.233000040054
1635165437.04 0.00521724577993 0.554621100426 0.521371126175 0.26561603 -0.3035346 0.829999923706
1635165499.16 0.0878994613886 0.497314035892 0.58155298233 0.26561603 -0.3035346 0.288000106812
1635165500.18 0.0701376497746 0.634542644024 0.631573855877 -0.118670665 -0.52534884 0.708999872208
1635165510.89 -0.39484718442 0.468018621206 0.303826659918 -0.118670665 -0.52534884 0.703999996185
1635165512.24 -0.445702761412 0.584849059582 0.363538563251 -0.118670665 -0.52534884 0.796000003815
1635165525.66 -0.295753508806 0.530722439289 0.369716972113 -0.118670665 -0.52534884 0.568000078201
1635165528.98 -0.437608897686 0.465808540583 0.414132028818 -0.118670665 -0.52534884 1.44900012016
1635165533.78 -0.334991246462 0.463500827551 0.307706475258 -0.118670665 -0.52534884 0.665999889374
1635165533.91 -0.301050931215 0.458290398121 0.339939385653 -0.118670665 -0.52534884 0.0189998149872
1635165552.81 -0.389519155025 0.474827349186 0.292547911406 -0.118670665 -0.52534884 0.745000123978
1635165554.15 -0.425049871206 0.588141858578 0.322377353907 -0.118670665 -0.52534884 1.00099992752
1635165574.4 -0.31370189786 0.501162290573 0.325086385012 -0.118670665 -0.52534884 0.496000051498
1635165576.2 -0.44625967741 0.507481396198 0.355992347002 -0.118670665 -0.52534884 1.23900008202
1635165587.47 -0.371333628893 0.462008953094 0.298590302467 -0.118670665 -0.52534884 0.587000131607
1635165589.41 -0.317686766386 0.490150123835 0.432956784964 -0.118670665 -0.52534884 0.838999986649
1635165604.77 -0.307712614536 0.470809012651 0.416073024273 -0.118670665 -0.52534884 0.0750000476837
1635165624.23 -0.373434603214 0.479396700859 0.453134983778 -0.118670665 -0.52534884 0.325000047684
1635165657.6 -0.431340992451 0.517091691494 0.330171704292 -0.118670665 -0.52534884 0.481000185013
1635165658.68 -0.436292290688 0.671030879021 0.337695419788 -0.118670665 -0.52534884 0.491000175476
1635165659.2 -0.429769188166 0.676597118378 0.344564795494 0.29274777 -0.4447803 0.518000125885
1635165670.77 -0.033370308578 0.566918969154 0.470423281193 0.29274777 -0.4447803 0.230999946594
1635165672.06 -0.0320660024881 0.654676675797 0.476806461811 0.29274777 -0.4447803 0.259000062943
1635165673.02 -0.0355673879385 0.624393045902 0.449729144573 0.29274777 -0.4447803 0.533999919891
1635165673.43 -0.0272146910429 0.545025587082 0.420959591866 0.29274777 -0.4447803 0.00899982452393
1635165673.45 -0.0228287503123 0.522093713284 0.412296980619 0.29274777 -0.4447803 0.00999999046326
1635165673.49 -0.01513689477 0.499192923307 0.403278589249 0.29274777 -0.4447803 0.0250000953674
1635165691.08 -0.0203055217862 0.453293293715 0.378622055054 0.29274777 -0.4447803 1.66700005531
1635165710.01 0.0946657881141 0.451454639435 0.399918109179 0.29274777 -0.4447803 0.487999916077
1635165721.73 0.00208203867078 0.450691223145 0.519534170628 0.29274777 -0.4447803 0.0209999084473
1635165721.95 0.0790748745203 0.450200587511 0.520816385746 0.29274777 -0.4447803 0.207999944687
1635165731.45 0.0476227477193 0.525006592274 0.378809303045 0.29274777 -0.4447803 1.46700000763
1635165741.68 0.0650372803211 0.452034950256 0.526862502098 0.29274777 -0.4447803 0.420000076294
1635165752.42 -0.0302257854491 0.583326280117 0.429369300604 0.29274777 -0.4447803 0.818000078201
1635165753.87 0.0431131310761 0.447681307793 0.360149651766 0.29274777 -0.4447803 0.476000070572
1635165788.25 0.0902167484164 0.449292600155 0.398151099682 0.29274777 -0.4447803 0.519000053406
1635165790.32 0.0411873832345 0.636939108372 0.379262030125 0.29274777 -0.4447803 0.863000154495
1635165803.31 0.0591118521988 0.457940459251 0.336525946856 0.29274777 -0.4447803 0.962000131607
1635165810.11 -0.0344785228372 0.639322698116 0.46423715353 0.29274777 -0.4447803 0.563999891281
1635165810.94 -0.0157245956361 0.636818110943 0.504618644714 0.29274777 -0.4447803 0.207999944687
1635165811.9 -0.0271832440048 0.641960203648 0.488093167543 0.29274777 -0.4447803 0.151000022888
1635165812.38 -0.0291143767536 0.493734180927 0.425107121468 0.29274777 -0.4447803 0.200999975204
1635165821.7 0.0790322721004 0.458558648825 0.519598186016 0.29274777 -0.4447803 0.276000022888
1635165834.2 -0.0203030779958 0.525663614273 0.410452902317 0.29274777 -0.4447803 0.470999956131
1635165835.47 -0.0329845137894 0.591468751431 0.432939171791 0.29274777 -0.4447803 1.16999983788
1635165872.47 -0.0352808721364 0.458003818989 0.448572605848 0.29274777 -0.4447803 0.184000015259
1635165900.55 0.0509031005204 0.593565165997 0.452046900988 0.22078533 0.44658032 1.51399993896
1635165907.19 -0.0960572585464 0.480996251106 1.38144147396 0.22078533 0.44658032 0.108000040054
1635165908.51 -0.104351252317 0.665735125542 1.3393214941 0.22078533 0.44658032 0.911999940872
1635165909.38 0.00720236636698 0.455112010241 1.4121286869 0.22078533 0.44658032 0.726000070572
1635165911.26 0.0279606450349 0.630978643894 1.39725804329 0.22078533 0.44658032 0.1859998703
1635165912.17 0.0460346154869 0.656609117985 1.35335540771 0.22078533 0.44658032 0.663000106812
1635165913.26 -0.0385912358761 0.621769309044 1.42091262341 0.22078533 0.44658032 0.733999967575
1635165922.82 -0.00477618351579 0.546141445637 1.41880786419 0.22078533 0.44658032 0.22100019455
1635165923.56 -0.0464124977589 0.67062908411 1.41922974586 0.22078533 0.44658032 0.116999864578
1635165925.36 -0.0963678061962 0.454559147358 1.31040656567 0.22078533 0.44658032 0.21599984169
1635165933.11 -0.0884068086743 0.454483449459 1.39502203465 0.22078533 0.44658032 0.325000047684
1635165934.74 0.011365801096 0.478717714548 1.41146302223 0.22078533 0.44658032 1.24500012398
1635165945.26 -0.0971818864346 0.604704022408 1.30756866932 0.22078533 0.44658032 0.432999849319
1635165946.07 -0.0557968355715 0.538165867329 1.2758988142 0.22078533 0.44658032 0.00799989700317
1635165947.3 -0.0201519671828 0.63214802742 1.27071535587 0.22078533 0.44658032 0.856000185013
1635165984.99 -0.0847007781267 0.465462744236 1.39636850357 0.22078533 0.44658032 0.15900015831
1635165986.78 -0.00589578459039 0.469949156046 1.26551222801 0.22078533 0.44658032 1.1289999485
1635166045.93 0.0391773059964 0.453481674194 1.37797272205 0.22078533 0.44658032 0.0820000171661
1635166047.28 0.0429292395711 0.451171398163 1.38049006462 0.22078533 0.44658032 0.766999959946
1635166048.85 -0.0101822130382 0.46214646101 1.419008255 0.22078533 0.44658032 1.2429997921
1635166053.48 -0.103294856846 0.455421030521 1.33629333973 0.22078533 0.44658032 1.08100008965
1635166053.84 -0.0677374228835 0.454503327608 1.27926325798 0.22078533 0.44658032 0.348999977112
1635166055.03 -0.0765805244446 0.668996870518 1.32720315456 -0.15048562 0.003145612 0.664000034332
1635166063.08 -0.491273581982 0.47116419673 0.885957896709 -0.15048562 0.003145612 1.1139998436
1635166064.29 -0.487328469753 0.461550742388 0.92376178503 -0.15048562 0.003145612 1.03600001335
1635166069.46 -0.39348077774 0.461260378361 0.993884325027 -0.15048562 0.003145612 0.869000196457
1635166071.16 -0.381171107292 0.473050653934 0.980566084385 -0.15048562 0.003145612 0.0349998474121
1635166074.52 -0.325208067894 0.455010592937 0.916264772415 -0.15048562 0.003145612 0.530999898911
1635166075.52 -0.46201056242 0.47557747364 0.95092689991 -0.15048562 0.003145612 0.711999893188
1635166075.55 -0.46492394805 0.467039853334 0.949259161949 -0.15048562 0.003145612 0.0250000953674
1635166084.08 -0.355925023556 0.520854592323 0.843768000603 -0.15048562 0.003145612 0.592000007629
1635166085.95 -0.446582764387 0.464438408613 0.840774536133 -0.15048562 0.003145612 1.28399991989
1635166090.93 -0.344918310642 0.454736590385 0.853277802467 -0.15048562 0.003145612 0.361999988556
1635166092.83 -0.450273364782 0.482013374567 0.845689475536 -0.15048562 0.003145612 0.130000114441
1635166094.89 -0.403112113476 0.456754148006 0.979678690434 -0.15048562 0.003145612 1.0640001297
1635166108.28 -0.402229458094 0.466982185841 0.826821386814 -0.15048562 0.003145612 0.274999856949
1635166125.04 -0.436184883118 0.459893286228 0.833878993988 -0.15048562 0.003145612 0.373000144958
1635166129.02 -0.382114052773 0.463531196117 0.980497598648 -0.15048562 0.003145612 1.95300006866
1635166149.66 -0.437443822622 0.485147058964 0.973873913288 -0.15048562 0.003145612 1.82100009918
1635166220.66 -0.343771457672 0.676883935928 0.933730900288 -0.05883979 0.5498811 1.00500011444
1635166229.87 -0.307765960693 0.693471670151 1.37476706505 -0.05883979 0.5498811 1.22500014305
1635166230.53 -0.267665237188 0.458843588829 1.52232956886 -0.05883979 0.5498811 0.532999992371
1635166248.51 -0.236385241151 0.45545104146 1.42579376698 -0.05883979 0.5498811 2.03400015831
1635166258.59 -0.27458357811 0.457574188709 1.51886916161 -0.05883979 0.5498811 0.885999917984
1635166260.11 -0.233781129122 0.627478539944 1.43189167976 -0.05883979 0.5498811 1.05499982834
1635166284.66 -0.263046264648 0.56821924448 1.51122331619 -0.05883979 0.5498811 0.429000139236
1635166285.52 -0.318574756384 0.480651706457 1.52482676506 -0.05883979 0.5498811 0.200999975204
1635166288.95 -0.298726081848 0.516465187073 1.37541055679 -0.05883979 0.5498811 0.177999973297
1635166290.15 -0.305335760117 0.601682424545 1.37373244762 -0.05883979 0.5498811 0.950000047684
1635166299.47 -0.331189125776 0.45698556304 1.52199566364 -0.05883979 0.5498811 0.317000150681
1635166302.45 -0.332315772772 0.661428689957 1.52277600765 -0.05883979 0.5498811 2.22300004959
1635166364.12 -0.279620349407 0.653354227543 1.39565420151 0.012395448 -0.4108378 0.97000002861
1635166375.09 -0.236679181457 0.490891396999 0.413535892963 0.012395448 -0.4108378 0.298000097275
1635166375.7 -0.214967742562 0.657871484756 0.418566346169 0.012395448 -0.4108378 0.200999975204
1635166375.73 -0.211460441351 0.665815412998 0.419210851192 0.012395448 -0.4108378 0.0160000324249
1635166376.86 -0.273935049772 0.458187550306 0.55689740181 0.012395448 -0.4108378 0.296999931335
1635166385.79 -0.308105558157 0.575798392296 0.524249315262 0.012395448 -0.4108378 0.398000001907
1635166388.06 -0.270972937346 0.455198675394 0.420086294413 0.012395448 -0.4108378 0.363000154495
1635166388.52 -0.207383513451 0.534010529518 0.420774042606 0.012395448 -0.4108378 0.299000024796
1635166389.72 -0.247614264488 0.627593457699 0.41407585144 0.012395448 -0.4108378 1.03799986839
1635166403.98 -0.318793356419 0.489858716726 0.466777145863 0.012395448 -0.4108378 1.39299988747
1635166422.77 -0.275924772024 0.45729508996 0.556410014629 0.012395448 -0.4108378 0.384999990463
1635166424.4 -0.203947469592 0.456713467836 0.414244055748 0.012395448 -0.4108378 0.161999940872
1635166425.86 -0.178622290492 0.611244976521 0.441713184118 0.012395448 -0.4108378 0.52999997139
1635166442.5 -0.18573500216 0.536897063255 0.43728017807 0.012395448 -0.4108378 0.888000011444
1635166442.53 -0.184228599072 0.541324496269 0.438555330038 0.012395448 -0.4108378 0.0169999599457
1635166443.61 -0.17848393321 0.570800304413 0.441988110542 0.012395448 -0.4108378 1.0720000267
1635166462.51 -0.311377555132 0.57825499773 0.511946797371 0.012395448 -0.4108378 1.80900001526
1635166484.3 -0.22377166152 0.536319494247 0.565178275108 0.012395448 -0.4108378 0.97200012207
1635166545.24 -0.250729799271 0.496785342693 0.565339267254 0.012395448 -0.4108378 0.216000080109
1635166545.93 -0.240159004927 0.669223725796 0.564852237701 0.012395448 -0.4108378 0.201999902725
1635166546.72 -0.232854425907 0.671160161495 0.55209094286 -0.05206987 0.0944426 0.509000062943
1635166557.47 -0.257274627686 0.454962939024 1.05680549145 -0.05206987 0.0944426 2.16299986839
1635166564.77 -0.374938726425 0.490269571543 1.01671612263 -0.05206987 0.0944426 1.90000009537
1635166573.13 -0.366555780172 0.52630007267 1.03493082523 -0.05206987 0.0944426 1.74199986458
1635166581.15 -0.207574278116 0.501838505268 0.963828742504 -0.05206987 0.0944426 0.445999860764
1635166590.09 -0.252009093761 0.576314866543 1.05092859268 -0.05206987 0.0944426 1.49900007248
1635166599.4 -0.377501487732 0.456170767546 0.980414390564 -0.05206987 0.0944426 0.62299990654
1635166617.18 -0.367343306541 0.455209493637 0.955733120441 -0.05206987 0.0944426 0.68799996376
1635166631.77 -0.25717818737 0.634134173393 1.05520141125 -0.05206987 0.0944426 0.975000143051
1635166642.48 -0.286761581898 0.451745301485 0.921023070812 -0.05206987 0.0944426 0.424999952316
1635166675.51 -0.242561757565 0.473386794329 0.948980629444 -0.05206987 0.0944426 0.316999912262
1635166697.46 -0.293100446463 0.678831934929 1.02089881897 -0.25008598 0.6579567 1.51399993896
1635166702.54 -0.560133695602 0.454572826624 1.60884022713 -0.25008598 0.6579567 0.610000133514
1635166703.7 -0.570596516132 0.653708100319 1.52922391891 -0.25008598 0.6579567 0.763000011444
1635166705.99 -0.435231894255 0.545149385929 1.5387121439 -0.25008598 0.6579567 2.03400015831
1635166706.02 -0.418245255947 0.510640740395 1.52319598198 -0.25008598 0.6579567 0.0260000228882
1635166716.77 -0.524369060993 0.501002550125 1.48785960674 -0.25008598 0.6579567 0.179999828339
1635166718.07 -0.550065875053 0.508816719055 1.49810016155 -0.25008598 0.6579567 0.0879998207092
1635166719.52 -0.55502229929 0.493029564619 1.61557734013 -0.25008598 0.6579567 1.39299988747
1635166719.85 -0.562654674053 0.627785205841 1.51829016209 -0.25008598 0.6579567 0.274999856949
1635166719.91 -0.559840679169 0.632680058479 1.51475989819 -0.25008598 0.6579567 0.00799989700317
1635166720.42 -0.558110952377 0.635929822922 1.51198971272 -0.25008598 0.6579567 0.501000165939
1635166722.14 -0.432028800249 0.495201528072 1.59560251236 -0.25008598 0.6579567 1.17199993134
1635166743.8 -0.448984265327 0.535009980202 1.61516451836 -0.25008598 0.6579567 0.27999997139
1635166743.94 -0.437056362629 0.594518721104 1.60126292706 -0.25008598 0.6579567 0.0670001506805
1635166744.78 -0.430524259806 0.675547063351 1.59004247189 -0.25008598 0.6579567 0.0759999752045
1635166745.91 -0.424515962601 0.699732124805 1.54521489143 -0.25008598 0.6579567 0.589999914169
1635166748.01 -0.549975812435 0.460521876812 1.50183641911 -0.25008598 0.6579567 1.47200012207
1635166763.68 -0.433161735535 0.58744007349 1.52142262459 -0.25008598 0.6579567 0.299999952316
1635166765.81 -0.504049301147 0.501085877419 1.63439178467 -0.25008598 0.6579567 0.628000020981
1635166766.44 -0.439558953047 0.660470724106 1.60493004322 -0.25008598 0.6579567 0.551000118256
1635166767.67 -0.426594644785 0.688328146935 1.58354830742 -0.25008598 0.6579567 0.832000017166
1635166819.34 -0.497487992048 0.461605966091 1.48221576214 -0.25008598 0.6579567 0.824000120163
1635166831.21 -0.483255654573 0.67575776577 1.55277478695 0.12473591 -0.44370717 1.28800010681
1635166856.29 -0.20279186964 0.693585932255 0.451322287321 0.12473591 -0.44370717 0.242000102997
1635166857.97 -0.160885363817 0.488104045391 0.526213228703 0.12473591 -0.44370717 1.13700008392
