1635165153.63 -0.40351742506 0.706075847149 0.339338064194 -0.17744917 -0.52422565
1635165185.2 -0.411493450403 0.679417788982 0.437326699495 -0.17744917 -0.52422565
1635165197.48 -0.404854059219 0.645862042904 0.424696534872 -0.17744917 -0.52422565
1635165241.91 -0.429623097181 0.692125678062 0.378479808569 -0.17744917 -0.52422565
1635165282.42 -0.396578937769 0.687156558037 0.32132717967 -0.17744917 -0.52422565
1635165357.22 -0.395303785801 0.685936927795 0.416424274445 -0.17744917 -0.52422565
1635165366.75 0.0615963712335 0.640495896339 0.626479566097 0.26561603 -0.3035346
1635165379.38 0.0273909680545 0.636339902878 0.621697366238 0.26561603 -0.3035346
1635165391.75 0.00115480087698 0.678412497044 0.649922251701 0.26561603 -0.3035346
1635165415.17 0.029322097078 0.677861213684 0.62320035696 0.26561603 -0.3035346
1635165436.84 0.00147544872016 0.669219732285 0.560273826122 0.26561603 -0.3035346
1635165500.17 0.0699976682663 0.634467422962 0.631326377392 0.26561603 -0.3035346
1635165511.95 -0.412476420403 0.660059511662 0.340724170208 -0.118670665 -0.52534884
1635165528.03 -0.313967645168 0.702304065228 0.377266287804 -0.118670665 -0.52534884
1635165553.73 -0.371009171009 0.687352478504 0.35794070363 -0.118670665 -0.52534884
1635165575.68 -0.349364250898 0.643779635429 0.363834291697 -0.118670665 -0.52534884
1635165589.12 -0.398256897926 0.680591583252 0.358076483011 -0.118670665 -0.52534884
1635165659.19 -0.429065555334 0.677251636982 0.343180954456 -0.118670665 -0.52534884
1635165673.01 -0.0337274819613 0.621335446835 0.450091540813 0.29274777 -0.4447803
1635165690.92 0.00409414246678 0.47924554348 0.43290823698 0.29274777 -0.4447803
1635165730.92 0.00100908242166 0.644274711609 0.416360735893 0.29274777 -0.4447803
1635165789.95 0.0344694703817 0.658147096634 0.391211301088 0.29274777 -0.4447803
1635165835.19 -0.0230051446706 0.620942592621 0.443771272898 0.29274777 -0.4447803
1635165900.54 0.0511670038104 0.59350258112 0.451887875795 0.29274777 -0.4447803
1635165908.26 -0.097598657012 0.644191026688 1.36268460751 0.22078533 0.44658032
1635165912.01 -0.00659232027829 0.683885812759 1.38946449757 0.22078533 0.44658032
1635165934.05 -0.0944125503302 0.667952179909 1.34668564796 0.22078533 0.44658032
1635165947.02 -0.01964799501 0.640711843967 1.27583765984 0.22078533 0.44658032
1635165986.2 -0.0709858238697 0.680250525475 1.35962581635 0.22078533 0.44658032
1635166055.03 -0.0764142870903 0.66925573349 1.32714867592 0.22078533 0.44658032
1635166063.96 -0.419803142548 0.645589411259 0.869901180267 -0.15048562 0.003145612
1635166085.2 -0.353310137987 0.672979414463 0.888427376747 -0.15048562 0.003145612
1635166094.33 -0.423352241516 0.667849957943 0.83354139328 -0.15048562 0.003145612
1635166127.57 -0.411279380322 0.647131800652 0.888199448586 -0.15048562 0.003145612
1635166149.07 -0.456712782383 0.655182003975 0.890420913696 -0.15048562 0.003145612
1635166220.65 -0.34568375349 0.675682663918 0.933737158775 -0.15048562 0.003145612
1635166229.64 -0.337301820517 0.647594630718 1.41482400894 -0.05883979 0.5498811
1635166247.98 -0.300202488899 0.464697778225 1.43470966816 -0.05883979 0.5498811
1635166259.66 -0.268550544977 0.674896895885 1.43203544617 -0.05883979 0.5498811
1635166289.82 -0.326456427574 0.657355725765 1.40002775192 -0.05883979 0.5498811
1635166300.74 -0.32313939929 0.685838103294 1.49209272861 -0.05883979 0.5498811
1635166364.11 -0.279722958803 0.653431236744 1.39579665661 -0.05883979 0.5498811
1635166389.25 -0.228092551231 0.674211382866 0.446180969477 0.012395448 -0.4108378
1635166403.67 -0.239834591746 0.62260311842 0.524719357491 0.012395448 -0.4108378
1635166443.23 -0.221192598343 0.668002724648 0.484967648983 0.012395448 -0.4108378
1635166461.97 -0.270154386759 0.678224265575 0.55059158802 0.012395448 -0.4108378
1635166484.03 -0.188434422016 0.63256829977 0.522236049175 0.012395448 -0.4108378
1635166546.71 -0.232854425907 0.671160161495 0.55209094286 0.012395448 -0.4108378
1635166556.55 -0.348025619984 0.652038097382 0.960845947266 -0.05206987 0.0944426
1635166564.2 -0.346963256598 0.650437533855 0.949526309967 -0.05206987 0.0944426
1635166572.62 -0.313476830721 0.662308871746 1.05293750763 -0.05206987 0.0944426
1635166589.72 -0.248321011662 0.636325538158 1.02409398556 -0.05206987 0.0944426
1635166631.72 -0.260312914848 0.629514992237 1.05187761784 -0.05206987 0.0944426
1635166697.46 -0.293090701103 0.678872287273 1.02090239525 -0.05206987 0.0944426
1635166703.65 -0.556526124477 0.654657304287 1.53257274628 -0.25008598 0.6579567
1635166705.66 -0.472533196211 0.673855483532 1.54018688202 -0.25008598 0.6579567
1635166721.48 -0.522557199001 0.696620821953 1.51790308952 -0.25008598 0.6579567
1635166745.83 -0.435782879591 0.697814166546 1.54782402515 -0.25008598 0.6579567
1635166767.34 -0.436995059252 0.698708236217 1.57714760303 -0.25008598 0.6579567
1635166831.2 -0.483416795731 0.675795614719 1.55289590359 -0.25008598 0.6579567
1635166857.35 -0.192374676466 0.683589816093 0.44940456748 0.12473591 -0.44370717
