1617177522.92 -0.408987790346 0.700443804264 0.0908392965794 -0.17744917 -0.52422565
1617177636.85 -0.483604639769 0.702762365341 0.408924728632 -0.17744917 -0.52422565
1617177641.56 -0.481829166412 0.726092100143 0.146398752928 -0.17744917 -0.52422565
1617177715.39 -0.40792286396 0.692502617836 0.490293979645 -0.17744917 -0.52422565
1617177728.33 -0.499687790871 0.682995200157 0.187626987696 -0.17744917 -0.52422565
1617177733.23 -0.483489960432 0.646506488323 0.482917129993 -0.17744917 -0.52422565
1617177754.47 -0.428817093372 0.690839529037 0.17194364965 -0.17744917 -0.52422565
1617177756.49 -0.448493152857 0.693589806557 0.26690658927 -0.17744917 -0.52422565
1617177793.96 -0.417869508266 0.635779321194 0.137229323387 -0.17744917 -0.52422565
1617177799.51 -0.455065637827 0.671107769012 0.386877059937 -0.17744917 -0.52422565
1617177814.93 -0.357200145721 0.719305872917 -0.0344858504832 -0.08333022 -0.75720876
1617177818.86 -0.363699674606 0.695558965206 0.239492624998 -0.08333022 -0.75720876
1617177820.87 -0.377414405346 0.69966340065 0.251772552729 -0.08333022 -0.75720876
1617177895.02 -0.375471055508 0.699558973312 0.241515859962 -0.08333022 -0.75720876
1617177919.76 -0.351980745792 0.650789320469 -0.0498677156866 -0.08333022 -0.75720876
1617177921.76 -0.331153929234 0.622786343098 0.0293471738696 -0.08333022 -0.75720876
1617177938.34 -0.321865081787 0.635423660278 -0.010442763567 -0.08333022 -0.75720876
1617177997.3 -0.304199486971 0.67173409462 0.221674412489 -0.08333022 -0.75720876
1617178010.44 -0.362227171659 0.699292302132 -0.0218653865159 -0.08333022 -0.75720876
1617178078.19 -0.312971413136 0.70825445652 0.199107006192 -0.08333022 -0.75720876
1617178102.01 -0.521182954311 0.710689008236 1.12081170082 -0.276979 0.49562287
1617178172.88 -0.592770218849 0.629522502422 1.47663497925 -0.276979 0.49562287
1617178174.89 -0.571245908737 0.698595941067 1.37639319897 -0.276979 0.49562287
1617178241.87 -0.526492714882 0.701322615147 1.50927972794 -0.276979 0.49562287
1617178243.88 -0.574158072472 0.667306661606 1.38973915577 -0.276979 0.49562287
1617178320.32 -0.534970402718 0.709470629692 1.41402387619 -0.276979 0.49562287
1617178323.09 -0.552973926067 0.693059504032 1.27330434322 -0.276979 0.49562287
1617178389.0 -0.513631284237 0.693966150284 1.45673489571 -0.276979 0.49562287
1617178391.01 -0.562789797783 0.666147887707 1.37904417515 -0.276979 0.49562287
1617178393.02 -0.590846002102 0.6728759408 1.19130802155 -0.276979 0.49562287
1617178404.13 -0.129240199924 0.705233335495 1.40112304688 0.17370449 0.6732181
1617178533.68 -0.131911993027 0.700472414494 1.68219399452 0.17370449 0.6732181
1617178536.7 -0.127261474729 0.6969191432 1.47924458981 0.17370449 0.6732181
1617178599.77 -0.125425249338 0.670267105103 1.6643846035 0.17370449 0.6732181
1617178604.73 -0.0337811410427 0.701498389244 1.39196455479 0.17370449 0.6732181
1617178688.42 -0.115359559655 0.702628970146 1.67450869083 0.17370449 0.6732181
1617178792.05 -0.0965901464224 0.695434749126 1.38500368595 0.17370449 0.6732181
1617178878.63 -0.0394360423088 0.698123812675 1.67985355854 0.17370449 0.6732181
1617178880.64 -0.0370631814003 0.708029091358 1.62283718586 0.17370449 0.6732181
