1617110068.0 -0.404724776745 0.708565473557 0.0874499231577 -0.17744917 -0.52422565
1617110175.46 -0.440576553345 0.71019423008 0.337672650814 -0.17744917 -0.52422565
1617110183.08 -0.375742375851 0.707668721676 0.142717197537 -0.17744917 -0.52422565
1617110330.58 -0.40993091464 0.701304495335 0.473261147738 -0.17744917 -0.52422565
1617110332.59 -0.454314231873 0.694629907608 0.416197150946 -0.17744917 -0.52422565
1617110447.98 -0.422622770071 0.706176161766 0.417357802391 -0.17744917 -0.52422565
1617110449.99 -0.435170084238 0.702616810799 0.386936157942 -0.17744917 -0.52422565
1617110562.5 -0.388787150383 0.697376132011 0.425781428814 -0.17744917 -0.52422565
1617110564.51 -0.407883405685 0.685542821884 0.360850274563 -0.17744917 -0.52422565
1617110770.54 -0.396852791309 0.697417259216 0.395883113146 -0.17744917 -0.52422565
1617110818.61 -0.184727996588 0.694473326206 0.554226160049 0.09686864 -0.14255154
1617110885.81 -0.175117760897 0.660130918026 0.813428878784 0.09686864 -0.14255154
1617110896.71 -0.113716974854 0.675866246223 0.558778762817 0.09686864 -0.14255154
1617110898.72 -0.0891973674297 0.673420906067 0.634819507599 0.09686864 -0.14255154
1617110911.54 -0.143083423376 0.642446100712 0.535982370377 0.09686864 -0.14255154
1617110975.07 -0.21824465692 0.684101998806 0.828880429268 0.09686864 -0.14255154
1617110986.97 -0.175731569529 0.690536439419 0.505839705467 0.09686864 -0.14255154
1617110988.98 -0.123776517808 0.621097743511 0.611284732819 0.09686864 -0.14255154
1617111017.91 -0.121818438172 0.703134000301 0.596206665039 0.09686864 -0.14255154
1617111037.98 -0.174229830503 0.497284471989 0.855841100216 0.09686864 -0.14255154
1617111053.59 -0.0537023209035 0.702895283699 0.486890554428 0.21708916 -0.26064825
1617111138.14 -0.0763850137591 0.692500770092 0.706429541111 0.21708916 -0.26064825
1617111140.15 -0.0342562608421 0.652462184429 0.612736105919 0.21708916 -0.26064825
1617111217.16 -0.0454264730215 0.702681303024 0.686624526978 0.21708916 -0.26064825
1617111219.17 -0.0348045006394 0.705965876579 0.624975144863 0.21708916 -0.26064825
1617111282.22 -0.0535619966686 0.708122014999 0.672606706619 0.21708916 -0.26064825
1617111301.71 -0.0529879331589 0.69831764698 0.396893590689 0.21708916 -0.26064825
1617111370.43 -0.0482641682029 0.70624434948 0.683323860168 0.21708916 -0.26064825
1617111372.44 -0.0134175680578 0.688184559345 0.586655914783 0.21708916 -0.26064825
1617111443.03 -0.0281289666891 0.692904233932 0.730185270309 0.21708916 -0.26064825
1617111456.68 -0.0766680017114 0.659031271935 0.0865994989872 0.1627657 -0.6556398
1617111462.32 -0.125604644418 0.714142143726 0.324090987444 0.1627657 -0.6556398
1617111473.18 -0.043543599546 0.699922382832 0.0662935897708 0.1627657 -0.6556398
1617111536.02 -0.126739770174 0.702647209167 0.358548820019 0.1627657 -0.6556398
1617111538.37 -0.0907877832651 0.714189589024 0.286326915026 0.1627657 -0.6556398
1617111604.6 -0.111362658441 0.698052585125 0.332820981741 0.1627657 -0.6556398
1617111626.67 -0.134745210409 0.688174366951 0.0386286526918 0.1627657 -0.6556398
1617111628.68 -0.14785566926 0.681359291077 0.0945908352733 0.1627657 -0.6556398
1617111637.32 -0.146522760391 0.677995979786 0.071131259203 0.1627657 -0.6556398
1617111705.11 -0.0565219633281 0.711957454681 0.306916028261 0.1627657 -0.6556398
1617111721.59 -0.3538877666 0.650281429291 0.774541437626 -0.07170859 0.10900637
1617111787.23 -0.297822833061 0.681197941303 1.06471216679 -0.07170859 0.10900637
1617111789.24 -0.31821373105 0.657357931137 0.988689661026 -0.07170859 0.10900637
1617111855.9 -0.36062553525 0.698938071728 1.06134223938 -0.07170859 0.10900637
1617111890.98 -0.332615911961 0.677144825459 0.749257147312 -0.07170859 0.10900637
1617111896.49 -0.335951954126 0.669205784798 1.01723027229 -0.07170859 0.10900637
