1616787988.71 -0.424683868885 0.709907829762 0.113800063729 -0.17744917 -0.52422565
1616788058.11 -0.418230295181 0.70686006546 0.35806530714 -0.17744917 -0.52422565
1616788068.81 -0.414694130421 0.721011817455 0.120486751199 -0.17744917 -0.52422565
1616788087.99 -0.358216822147 0.714796483517 0.41448995471 -0.17744917 -0.52422565
1616788095.08 -0.481883764267 0.687435686588 0.136009648442 -0.17744917 -0.52422565
1616788159.22 -0.463270157576 0.690111517906 0.451425343752 -0.17744917 -0.52422565
1616788177.25 -0.499158114195 0.690596342087 0.175204858184 -0.17744917 -0.52422565
1616788235.15 -0.469293534756 0.547796487808 0.369377672672 -0.17744917 -0.52422565
1616788252.01 -0.460983246565 0.707888066769 0.122629240155 -0.17744917 -0.52422565
1616788339.71 -0.403419166803 0.704449355602 0.454945385456 -0.17744917 -0.52422565
1616788355.69 -0.423966526985 0.665581524372 0.916633307934 -0.16279626 0.23380525
1616788419.86 -0.468460202217 0.705143153667 1.19175100327 -0.16279626 0.23380525
1616788460.48 -0.480790048838 0.669997811317 0.868245184422 -0.16279626 0.23380525
1616788536.8 -0.358624488115 0.679610431194 1.17097842693 -0.16279626 0.23380525
1616788544.39 -0.474178135395 0.6899959445 0.895770311356 -0.16279626 0.23380525
1616788607.58 -0.480876088142 0.702828466892 1.19182634354 -0.16279626 0.23380525
1616788634.04 -0.427505970001 0.68344938755 0.855629444122 -0.16279626 0.23380525
1616788717.17 -0.439099282026 0.657793283463 1.18716812134 -0.16279626 0.23380525
1616788729.63 -0.37262442708 0.623516440392 0.881351053715 -0.16279626 0.23380525
1616788759.44 -0.427718758583 0.694527804852 1.17383849621 -0.16279626 0.23380525
1616788767.8 -0.246605694294 0.717525780201 0.225677192211 0.010518524 -0.4912171
1616788834.66 -0.220605283976 0.689244687557 0.490478813648 0.010518524 -0.4912171
1616788843.55 -0.249694138765 0.717308759689 0.160931199789 0.010518524 -0.4912171
1616788908.53 -0.191926807165 0.704662978649 0.471297860146 0.010518524 -0.4912171
1616788919.82 -0.3038212955 0.695210754871 0.14725753665 0.010518524 -0.4912171
1616789000.36 -0.214770540595 0.708290934563 0.522581219673 0.010518524 -0.4912171
1616789016.07 -0.308121621609 0.721564531326 0.160179316998 0.010518524 -0.4912171
1616789162.78 -0.235423788428 0.646809220314 0.451037704945 0.010518524 -0.4912171
1616789182.07 -0.262299180031 0.721221327782 0.159485280514 0.010518524 -0.4912171
1616789269.61 -0.250791579485 0.683642864227 0.432926267385 0.010518524 -0.4912171
1616789288.97 -0.407878130674 0.703998565674 -0.0374018587172 -0.19014241 -0.73081094
1616789363.86 -0.442646443844 0.627757132053 0.295054793358 -0.19014241 -0.73081094
1616789381.84 -0.435172945261 0.683022916317 0.00737623870373 -0.19014241 -0.73081094
1616789489.65 -0.387498944998 0.661379098892 0.22051371634 -0.19014241 -0.73081094
1616789513.63 -0.450642675161 0.695904195309 -0.0226054005325 -0.19014241 -0.73081094
1616789575.72 -0.49020716548 0.67925131321 0.22802567482 -0.19014241 -0.73081094
1616789614.3 -0.423671126366 0.665440499783 -0.0325169190764 -0.19014241 -0.73081094
1616789685.41 -0.393879950047 0.705478012562 0.256015598774 -0.19014241 -0.73081094
1616789695.86 -0.421191006899 0.704368114471 -0.0379276275635 -0.19014241 -0.73081094
1616789765.22 -0.38921302557 0.691111683846 0.218659520149 -0.19014241 -0.73081094
1616789787.87 -0.337674081326 0.682702600956 0.97919356823 -0.14531179 0.26453766
