1633938704.67 -0.390717983246 0.70102840662 0.398890465498 -0.17744917 -0.52422565
1633938722.58 -0.409924089909 0.685975015163 0.324186831713 -0.17744917 -0.52422565
1633938824.28 -0.428582966328 0.630609512329 0.338705986738 -0.17744917 -0.52422565
1633938840.08 -0.454494565725 0.693118214607 0.429220825434 -0.17744917 -0.52422565
1633938978.31 -0.472182273865 0.681186676025 0.328941255808 -0.17744917 -0.52422565
1633938980.32 -0.467620193958 0.695384562016 0.354298591614 -0.17744917 -0.52422565
1633938982.33 -0.491692125797 0.649487733841 0.388778448105 -0.17744917 -0.52422565
1633939254.98 -0.479356318712 0.678920149803 0.341954350471 -0.17744917 -0.52422565
1633939286.03 -0.429987370968 0.688501060009 0.414058834314 -0.17744917 -0.52422565
1633939306.44 -0.427156537771 0.544820189476 0.355884283781 -0.17744917 -0.52422565
1633939312.97 -0.370455294847 0.657596409321 0.354500055313 -0.17744917 -0.52422565
1633939314.98 -0.371060043573 0.639468669891 0.335677415133 -0.17744917 -0.52422565
1633939319.49 -0.416854292154 0.665990233421 0.366782367229 -0.17744917 -0.52422565
1633939321.5 -0.430970311165 0.669077932835 0.394730567932 -0.17744917 -0.52422565
1633939336.2 -0.476254194975 0.463785201311 0.347773343325 -0.17744917 -0.52422565
1633939569.89 -0.465148985386 0.628677487373 0.4290779531 -0.17744917 -0.52422565
1633939609.12 -0.499922245741 0.688770890236 0.386027425528 -0.17744917 -0.52422565
1633939616.49 -0.377874970436 0.66985720396 0.416517913342 -0.17744917 -0.52422565
1633939657.48 -0.469970315695 0.677777588367 0.370832681656 -0.17744917 -0.52422565
1633939760.31 -0.464626252651 0.678264021873 0.341541707516 -0.17744917 -0.52422565
1633939770.34 -0.479392558336 0.664585709572 0.393942207098 -0.17744917 -0.52422565
1633939795.18 -0.400574237108 0.644226551056 0.434464603662 -0.17744917 -0.52422565
1633939894.57 -0.499823451042 0.698753297329 0.38643732667 -0.17744917 -0.52422565
1633939949.07 -0.501449584961 0.655001401901 0.384630918503 -0.17744917 -0.52422565
1633939960.78 -0.453396290541 0.694261372089 0.36500069499 -0.17744917 -0.52422565
1633939968.77 -0.47710943222 0.700167894363 0.368995249271 -0.17744917 -0.52422565
1633939978.08 -0.462466388941 0.646698892117 0.325090914965 -0.17744917 -0.52422565
1633940198.77 -0.454274505377 0.68943297863 0.321133971214 -0.17744917 -0.52422565
1633940225.48 -0.397871613503 0.650172770023 0.405877947807 -0.17744917 -0.52422565
