1633938521.1 -0.481217950583 0.511769890785 0.320789426565 -0.17744917 -0.52422565 0.611999988556
1633938559.89 -0.496630609035 0.498500019312 0.413104087114 -0.17744917 -0.52422565 0.236000061035
1633938625.35 -0.358072221279 0.498315691948 0.354512661695 -0.17744917 -0.52422565 0.226999998093
1633938702.72 -0.360905051231 0.578138053417 0.346751511097 -0.17744917 -0.52422565 0.296000003815
1633938704.9 -0.378661066294 0.66559278965 0.431782722473 -0.17744917 -0.52422565 0.914000034332
1633938713.6 -0.439489841461 0.52769356966 0.454165458679 -0.17744917 -0.52422565 0.536000013351
1633938723.7 -0.395760327578 0.49193996191 0.447512358427 -0.17744917 -0.52422565 2.14199995995
1633938789.7 -0.454503029585 0.473748862743 0.304374575615 -0.17744917 -0.52422565 0.572000026703
1633938823.48 -0.418422907591 0.519749522209 0.302498430014 -0.17744917 -0.52422565 0.352999925613
1633938824.65 -0.402880519629 0.564808666706 0.306154489517 -0.17744917 -0.52422565 1.13800001144
1633938829.97 -0.382835745811 0.614271700382 0.435311019421 -0.17744917 -0.52422565 0.428999900818
1633938836.14 -0.494532257318 0.547259509563 0.336839735508 -0.17744917 -0.52422565 0.371999979019
1633938837.9 -0.476660877466 0.46414732933 0.435859948397 -0.17744917 -0.52422565 0.453000068665
1633938839.09 -0.402464598417 0.657721042633 0.446641147137 -0.17744917 -0.52422565 0.302000045776
1633938840.75 -0.463952839375 0.661134362221 0.447606682777 -0.17744917 -0.52422565 1.17100000381
1633938858.31 -0.367495417595 0.464243292809 0.42162206769 -0.17744917 -0.52422565 0.0090000629425
1633938858.56 -0.410987824202 0.531365692616 0.449381440878 -0.17744917 -0.52422565 0.243000030518
1633938860.95 -0.456926882267 0.470915049314 0.448903679848 -0.17744917 -0.52422565 0.760999917984
1633938977.13 -0.463701218367 0.52036678791 0.444927603006 -0.17744917 -0.52422565 0.584000110626
1633938982.5 -0.487366765738 0.568856954575 0.425775438547 -0.17744917 -0.52422565 4.71899986267
1633938994.04 -0.376073211432 0.461140096188 0.438365876675 -0.17744917 -0.52422565 0.628000020981
1633939046.11 -0.475797981024 0.644890606403 0.437072336674 -0.17744917 -0.52422565 0.37700009346
1633939208.72 -0.502352237701 0.482475787401 0.354623109102 -0.17744917 -0.52422565 0.49799990654
1633939250.11 -0.355075269938 0.698457479477 0.382529765368 -0.17744917 -0.52422565 0.0680000782013
1633939251.74 -0.500376522541 0.46467295289 0.404250383377 -0.17744917 -0.52422565 1.44499993324
1633939253.89 -0.505880653858 0.684044957161 0.382177174091 -0.17744917 -0.52422565 0.0420000553131
1633939255.27 -0.506577432156 0.669171690941 0.367428183556 -0.17744917 -0.52422565 0.795000076294
1633939265.84 -0.472409009933 0.514975070953 0.313083052635 -0.17744917 -0.52422565 0.453999996185
1633939277.79 -0.502036392689 0.632196724415 0.352786839008 -0.17744917 -0.52422565 0.184000015259
1633939287.32 -0.364588707685 0.459314823151 0.447285979986 -0.17744917 -0.52422565 2.66100001335
1633939307.36 -0.432481706142 0.486805081367 0.301046401262 -0.17744917 -0.52422565 2.43400001526
1633939307.55 -0.423702001572 0.475634694099 0.273919582367 -0.17744917 -0.52422565 0.108999967575
1633939309.75 -0.328524380922 0.505584478378 0.478017777205 -0.17744917 -0.52422565 0.728999853134
1633939312.35 -0.359195232391 0.658779144287 0.352423727512 -0.17744917 -0.52422565 0.200999975204
1633939315.26 -0.364595979452 0.64179712534 0.339362710714 -0.17744917 -0.52422565 2.78999996185
1633939321.9 -0.495406746864 0.542420268059 0.418933868408 -0.17744917 -0.52422565 3.1899998188
1633939336.54 -0.472296476364 0.464793384075 0.306090980768 -0.17744917 -0.52422565 1.84300017357
1633939378.8 -0.51268351078 0.464885085821 0.368736475706 -0.17744917 -0.52422565 0.912999868393
1633939415.78 -0.451219528913 0.467235207558 0.448750346899 -0.17744917 -0.52422565 1.04200005531
1633939418.56 -0.463967531919 0.707240223885 0.443997621536 -0.17744917 -0.52422565 0.191999912262
1633939424.37 -0.454692065716 0.68989610672 0.447663933039 -0.17744917 -0.52422565 0.316999912262
1633939470.62 -0.36413410306 0.60418432951 0.412391424179 -0.17744917 -0.52422565 0.585999965668
1633939471.31 -0.381057739258 0.681023180485 0.433392584324 -0.17744917 -0.52422565 0.191999912262
1633939473.87 -0.4340454638 0.465929269791 0.279253512621 -0.17744917 -0.52422565 1.17700004578
1633939490.93 -0.399543106556 0.539035260677 0.445268183947 -0.17744917 -0.52422565 0.18700003624
1633939493.19 -0.505789756775 0.467498362064 0.361260384321 -0.17744917 -0.52422565 1.18700003624
1633939566.59 -0.426465302706 0.666069090366 0.451920568943 -0.17744917 -0.52422565 0.735000133514
1633939570.05 -0.481888979673 0.603308260441 0.434050321579 -0.17744917 -0.52422565 0.667000055313
1633939580.19 -0.326021969318 0.506973624229 0.298646599054 -0.17744917 -0.52422565 0.46799993515
1633939606.34 -0.465928733349 0.464855164289 0.307559341192 -0.17744917 -0.52422565 0.0169999599457
1633939607.42 -0.4897775352 0.53623342514 0.42267754674 -0.17744917 -0.52422565 1.05900001526
1633939609.31 -0.503929436207 0.688175141811 0.392035037279 -0.17744917 -0.52422565 0.694999933243
1633939617.07 -0.492036581039 0.508147239685 0.42378655076 -0.17744917 -0.52422565 1.9509999752
1633939654.22 -0.359362125397 0.589255154133 0.352299958467 -0.17744917 -0.52422565 0.141999959946
1633939655.43 -0.493792623281 0.464692413807 0.422351807356 -0.17744917 -0.52422565 1.11899995804
1633939657.93 -0.505840063095 0.653922557831 0.374133050442 -0.17744917 -0.52422565 0.962000131607
1633939705.5 -0.413087457418 0.569829404354 0.451087355614 -0.17744917 -0.52422565 0.267999887466
1633939711.42 -0.471197009087 0.463469207287 0.440123796463 -0.17744917 -0.52422565 0.133000135422
1633939711.77 -0.504635632038 0.469710379839 0.386622905731 -0.17744917 -0.52422565 0.325999975204
1633939753.31 -0.36965957284 0.609310269356 0.331215113401 -0.17744917 -0.52422565 0.760999917984
1633939756.27 -0.375982552767 0.617087543011 0.323000103235 -0.17744917 -0.52422565 1.117000103
1633939758.79 -0.497789949179 0.466608315706 0.338625311852 -0.17744917 -0.52422565 1.19599986076
1633939758.82 -0.506820559502 0.46957680583 0.338669836521 -0.17744917 -0.52422565 0.0169999599457
1633939760.5 -0.487810611725 0.650361478329 0.326947718859 -0.17744917 -0.52422565 0.704999923706
1633939770.62 -0.502100646496 0.653780519962 0.402161389589 -0.17744917 -0.52422565 1.78399991989
1633939795.68 -0.483635425568 0.579588472843 0.429934978485 -0.17744917 -0.52422565 1.85800004005
1633939804.9 -0.484068632126 0.467155337334 0.323475271463 -0.17744917 -0.52422565 0.453000068665
1633939883.67 -0.504838824272 0.46737831831 0.329030662775 -0.17744917 -0.52422565 0.361000061035
1633939892.42 -0.461215853691 0.667589426041 0.445701241493 -0.17744917 -0.52422565 0.233999967575
1633939893.02 -0.501592695713 0.674283623695 0.406000107527 -0.17744917 -0.52422565 0.167999982834
1633939893.93 -0.50352537632 0.686478674412 0.397010922432 -0.17744917 -0.52422565 0.167999982834
1633939894.64 -0.505398094654 0.699051260948 0.380504757166 -0.17744917 -0.52422565 0.578000068665
1633939917.82 -0.502774059772 0.569588541985 0.35597640276 -0.17744917 -0.52422565 0.00800013542175
1633939917.85 -0.502976298332 0.578765630722 0.357289403677 -0.17744917 -0.52422565 0.0169999599457
1633939917.87 -0.50326269865 0.58730328083 0.357981264591 -0.17744917 -0.52422565 0.0169999599457
1633939918.96 -0.483834445477 0.676855385303 0.429305166006 -0.17744917 -0.52422565 0.0829999446869
1633939919.79 -0.460441410542 0.669207394123 0.445890724659 -0.17744917 -0.52422565 0.136000156403
1633939949.35 -0.505239844322 0.64728718996 0.385670691729 -0.17744917 -0.52422565 0.996000051498
1633939959.64 -0.454222053289 0.541660785675 0.304872483015 -0.17744917 -0.52422565 0.706000089645
1633939959.79 -0.480384737253 0.468106389046 0.320340096951 -0.17744917 -0.52422565 0.133999824524
1633939959.87 -0.480242341757 0.47681376338 0.308909386396 -0.17744917 -0.52422565 0.00799989700317
1633939961.4 -0.506604552269 0.623085916042 0.366980463266 -0.17744917 -0.52422565 1.26300001144
1633939967.89 -0.504107534885 0.696567177773 0.360095590353 -0.17744917 -0.52422565 0.5
1633939969.28 -0.505226135254 0.684155523777 0.37090921402 -0.17744917 -0.52422565 1.01999998093
1633939971.21 -0.494657516479 0.685378074646 0.415340095758 -0.17744917 -0.52422565 0.407999992371
1633939971.24 -0.494494229555 0.684981703758 0.415653079748 -0.17744917 -0.52422565 0.00799989700317
1633939971.27 -0.494414508343 0.684750795364 0.41619849205 -0.17744917 -0.52422565 0.0260000228882
1633939974.83 -0.415787160397 0.671479523182 0.450527101755 -0.17744917 -0.52422565 0.401000022888
1633939976.45 -0.498438596725 0.626771450043 0.344078272581 -0.17744917 -0.52422565 0.508999824524
1633939978.31 -0.407450318336 0.539615154266 0.304621517658 -0.17744917 -0.52422565 0.729000091553
1633940052.32 -0.486080169678 0.464602828026 0.427434563637 -0.17744917 -0.52422565 0.468000173569
1633940056.06 -0.476567804813 0.467345565557 0.316040694714 -0.17744917 -0.52422565 0.262000083923
1633940064.29 -0.313110172749 0.463674962521 0.359866350889 -0.17744917 -0.52422565 0.0680000782013
1633940073.77 -0.384482800961 0.595162808895 0.317162305117 -0.17744917 -0.52422565 0.208999872208
1633940078.91 -0.446451693773 0.462332338095 0.451762765646 -0.17744917 -0.52422565 0.851000070572
1633940197.25 -0.470689386129 0.467106312513 0.310994029045 -0.17744917 -0.52422565 0.680000066757
1633940199.09 -0.470633804798 0.668439209461 0.311749637127 -0.17744917 -0.52422565 0.828000068665
1633940212.03 -0.413289040327 0.556896686554 0.451896578074 -0.17744917 -0.52422565 0.371000051498
1633940224.27 -0.387232333422 0.472244262695 0.44030341506 -0.17744917 -0.52422565 0.250999927521
1633940225.89 -0.375636160374 0.620743989944 0.430902510881 -0.17744917 -0.52422565 1.08399987221
1633940298.03 -0.49582773447 0.473845899105 0.413549154997 -0.17744917 -0.52422565 0.221999883652
