1633527662.55 -0.495714217424 0.471382498741 0.332780510187 -0.17744917 -0.52422565 0.281999826431
1633527679.95 -0.406940668821 0.504981398582 0.304416835308 -0.17744917 -0.52422565 0.421000003815
1633527728.84 -0.35518103838 0.463319092989 0.407701313496 -0.17744917 -0.52422565 0.0360000133514
1633527729.26 -0.384990364313 0.463373482227 0.315841108561 -0.17744917 -0.52422565 0.410000085831
1633527734.5 -0.418632894754 0.463685512543 0.301937758923 -0.17744917 -0.52422565 0.478000164032
1633527744.43 -0.334777802229 0.46107417345 0.334167718887 -0.17744917 -0.52422565 0.135999917984
1633527744.65 -0.365896731615 0.464557647705 0.33466219902 -0.17744917 -0.52422565 0.0090000629425
1633527745.73 -0.492407470942 0.467588663101 0.418348938227 -0.17744917 -0.52422565 1.06900000572
1633527790.16 -0.505468964577 0.497343063354 0.383397996426 -0.17744917 -0.52422565 0.679000139236
1633527822.65 -0.397570222616 0.488023221493 0.308119297028 -0.17744917 -0.52422565 0.255000114441
1633527877.7 -0.363275974989 0.466581106186 0.424664705992 -0.17744917 -0.52422565 0.0519998073578
1633527878.17 -0.349581032991 0.470694005489 0.346066504717 -0.17744917 -0.52422565 0.463000059128
1633527889.75 -0.345702052116 0.577916383743 0.34149941802 -0.17744917 -0.52422565 1.66699981689
1633527889.77 -0.354976177216 0.515603542328 0.393450975418 -0.17744917 -0.52422565 0.0169999599457
1633527902.18 -0.356190174818 0.539671003819 0.363714665174 -0.17744917 -0.52422565 0.611000061035
1633527903.04 -0.456138432026 0.474295496941 0.305234730244 -0.17744917 -0.52422565 0.15499997139
1633527903.79 -0.503533482552 0.511408269405 0.393634349108 -0.17744917 -0.52422565 0.0940001010895
1633527906.67 -0.357167184353 0.519761383533 0.399860650301 -0.17744917 -0.52422565 2.35899996758
1633527926.15 -0.506920337677 0.466691792011 0.353210568428 -0.17744917 -0.52422565 0.371999979019
1633527929.01 -0.489991217852 0.483648538589 0.329606086016 -0.17744917 -0.52422565 0.066999912262
1633527929.59 -0.365163832903 0.461120516062 0.315909951925 -0.17744917 -0.52422565 0.490999937057
1633528006.48 -0.493531048298 0.484242707491 0.334469795227 -0.17744917 -0.52422565 0.259000062943
1633528006.5 -0.493716418743 0.477813631296 0.331278920174 -0.17744917 -0.52422565 0.0090000629425
1633528006.56 -0.499690830708 0.469855815172 0.327206999063 -0.17744917 -0.52422565 0.0090000629425
1633528008.0 -0.470834583044 0.575619876385 0.44127959013 -0.17744917 -0.52422565 1.117000103
1633528092.25 -0.36874127388 0.493280827999 0.327967435122 -0.17744917 -0.52422565 2.45600008965
1633528096.07 -0.393973916769 0.507842898369 0.442751318216 -0.17744917 -0.52422565 0.762000083923
1633528098.67 -0.384808808565 0.566545367241 0.438416332006 -0.17744917 -0.52422565 1.36299991608
1633528100.81 -0.419519126415 0.545265078545 0.30167940259 -0.17744917 -0.52422565 0.334000110626
1633528101.29 -0.422281295061 0.558948636055 0.30155941844 -0.17744917 -0.52422565 0.0720000267029
1633528101.31 -0.422996878624 0.560407996178 0.301356315613 -0.17744917 -0.52422565 0.0090000629425
1633528101.46 -0.429729342461 0.563212394714 0.300987094641 -0.17744917 -0.52422565 0.142000198364
1633528119.79 -0.360048443079 0.465296208858 0.34821793437 -0.17744917 -0.52422565 0.0179998874664
1633528119.82 -0.360262423754 0.464190930128 0.346394389868 -0.17744917 -0.52422565 0.00800013542175
1633528125.96 -0.41908788681 0.464571982622 0.301016420126 -0.17744917 -0.52422565 0.463000059128
1633528126.49 -0.48985773325 0.463208466768 0.314863234758 -0.17744917 -0.52422565 0.213000059128
1633528139.8 -0.412056088448 0.515490412712 0.301753103733 -0.17744917 -0.52422565 1.11600017548
1633528142.94 -0.360109865665 0.637846589088 0.404179245234 -0.17744917 -0.52422565 1.35899996758
1633528145.05 -0.366866737604 0.557752549648 0.417318373919 -0.17744917 -0.52422565 0.818000078201
1633528148.8 -0.396347284317 0.465843558311 0.443477749825 -0.17744917 -0.52422565 0.0209999084473
1633528149.45 -0.472483694553 0.466005802155 0.311132013798 -0.17744917 -0.52422565 0.526999950409
1633528152.63 -0.499346017838 0.621907174587 0.406959861517 -0.17744917 -0.52422565 2.59800004959
1633528187.12 -0.343848139048 0.522378087044 0.392583787441 -0.17744917 -0.52422565 0.867999792099
1633528188.49 -0.371378779411 0.562570810318 0.325620412827 -0.17744917 -0.52422565 0.355000019073
1633528218.88 -0.355245739222 0.464087247849 0.368447512388 -0.17744917 -0.52422565 0.224999904633
1633528220.81 -0.399932652712 0.656334280968 0.307148396969 -0.17744917 -0.52422565 1.39899992943
1633528222.56 -0.356023550034 0.479099810123 0.391532540321 -0.17744917 -0.52422565 0.869999885559
1633528224.54 -0.429816544056 0.642939329147 0.452687472105 -0.17744917 -0.52422565 0.516999959946
1633528244.23 -0.343427270651 0.50998955965 0.299295127392 -0.17744917 -0.52422565 1.00499987602
1633528245.14 -0.349511116743 0.51161891222 0.229856431484 -0.17744917 -0.52422565 0.646999835968
1633528251.02 -0.353798776865 0.460940271616 0.385202825069 -0.17744917 -0.52422565 1.52900004387
1633528251.04 -0.353555500507 0.460853934288 0.383023679256 -0.17744917 -0.52422565 0.00800013542175
1633528251.06 -0.352842897177 0.45971724391 0.378493309021 -0.17744917 -0.52422565 0.0090000629425
1633528257.27 -0.418680250645 0.613004088402 0.450777083635 -0.17744917 -0.52422565 0.0599999427795
1633528258.53 -0.374709516764 0.627772510052 0.427200317383 -0.17744917 -0.52422565 0.0999999046326
1633528260.01 -0.382979094982 0.632993102074 0.434761404991 -0.17744917 -0.52422565 0.434000015259
1633528318.08 -0.359607517719 0.707261800766 0.350164204836 -0.17744917 -0.52422565 0.934000015259
1633528318.39 -0.358565658331 0.69717746973 0.354512989521 -0.17744917 -0.52422565 0.163000106812
1633528318.5 -0.357724159956 0.696434676647 0.357102304697 -0.17744917 -0.52422565 0.0920000076294
1633528319.73 -0.355749607086 0.681550681591 0.38392701745 -0.17744917 -0.52422565 0.00899982452393
1633528319.86 -0.355175286531 0.67204862833 0.395573616028 -0.17744917 -0.52422565 0.118000030518
1633528324.76 -0.360124319792 0.599278092384 0.404001772404 -0.17744917 -0.52422565 0.0339999198914
1633528328.26 -0.421412020922 0.61681997776 0.455559134483 -0.17744917 -0.52422565 0.93799996376
1633528329.68 -0.495526224375 0.476841598749 0.337111383677 -0.17744917 -0.52422565 0.388000011444
1633528331.72 -0.461536318064 0.670064508915 0.445134758949 -0.17744917 -0.52422565 0.425999879837
1633528333.66 -0.454351842403 0.467382609844 0.261010497808 -0.17744917 -0.52422565 1.01200008392
1633528423.6 -0.38028806448 0.461664617062 0.307519137859 -0.17744917 -0.52422565 0.880000114441
1633528426.48 -0.373384714127 0.522293925285 0.428175777197 -0.17744917 -0.52422565 1.34999990463
1633528444.59 -0.363642424345 0.54372882843 0.410753637552 -0.17744917 -0.52422565 0.65299987793
1633528542.39 -0.395481824875 0.465859115124 0.297895818949 -0.17744917 -0.52422565 0.929999828339
1633528551.96 -0.395474463701 0.631576895714 0.443501025438 -0.17744917 -0.52422565 1.67299985886
1633528573.11 -0.44283118844 0.466279983521 0.450375556946 -0.17744917 -0.52422565 0.273999929428
1633528575.11 -0.464926570654 0.657802164555 0.443203240633 -0.17744917 -0.52422565 1.4960000515
1633528578.97 -0.444779187441 0.518576323986 0.450639903545 -0.17744917 -0.52422565 0.100000143051
1633528579.94 -0.500045895576 0.687205970287 0.404993057251 -0.17744917 -0.52422565 0.677000045776
1633528583.66 -0.354593157768 0.477087020874 0.391177862883 -0.17744917 -0.52422565 0.141000032425
1633528610.4 -0.358461767435 0.507032454014 0.397920131683 -0.17744917 -0.52422565 2.13400006294
1633528663.85 -0.417917996645 0.51985669136 0.300924509764 -0.17744917 -0.52422565 0.888999938965
1633528665.34 -0.498784899712 0.702017068863 0.344594091177 -0.17744917 -0.52422565 0.183000087738
1633528667.11 -0.42723724246 0.484877645969 0.452228933573 -0.17744917 -0.52422565 1.61199998856
1633528668.77 -0.354654073715 0.461782127619 0.371946424246 -0.17744917 -0.52422565 0.189999818802
1633528775.54 -0.372633218765 0.465874671936 0.320389062166 -0.17744917 -0.52422565 0.0759999752045
1633528775.77 -0.372825264931 0.461703389883 0.320150285959 -0.17744917 -0.52422565 0.00799989700317
1633528776.06 -0.383478015661 0.464205533266 0.316546022892 -0.17744917 -0.52422565 0.176000118256
1633528784.1 -0.505202054977 0.465332061052 0.370936781168 -0.17744917 -0.52422565 0.0260000228882
1633528784.15 -0.507686436176 0.464564532042 0.386066645384 -0.17744917 -0.52422565 0.0260000228882
1633528784.53 -0.464891314507 0.474316745996 0.443785399199 -0.17744917 -0.52422565 0.0339999198914
1633528785.19 -0.438851952553 0.524684667587 0.450774013996 -0.17744917 -0.52422565 0.334000110626
1633528785.35 -0.441687643528 0.513343513012 0.450684130192 -0.17744917 -0.52422565 0.0590000152588
1633528785.48 -0.442250013351 0.511506438255 0.450171411037 -0.17744917 -0.52422565 0.115999937057
1633528785.55 -0.443413972855 0.510417699814 0.450537621975 -0.17744917 -0.52422565 0.0590000152588
1633528785.65 -0.44507598877 0.509478807449 0.450157642365 -0.17744917 -0.52422565 0.0420000553131
1633528785.77 -0.446415156126 0.507999181747 0.450275152922 -0.17744917 -0.52422565 0.0499999523163
1633528785.99 -0.447323709726 0.506816923618 0.449270665646 -0.17744917 -0.52422565 0.175999879837
1633528790.92 -0.390903621912 0.462701439857 0.442446500063 -0.17744917 -0.52422565 2.19999980927
1633528838.02 -0.427547693253 0.465008556843 0.298908889294 -0.17744917 -0.52422565 0.878999948502
1633528841.05 -0.496958106756 0.465042680502 0.413565576077 -0.17744917 -0.52422565 0.133000135422
1633528945.92 -0.4643907547 0.655554175377 0.443057268858 -0.17744917 -0.52422565 0.605000019073
1633528948.03 -0.443241029978 0.688991010189 0.450510710478 -0.17744917 -0.52422565 0.0339999198914
1633528952.09 -0.501763999462 0.466014742851 0.352194190025 -0.17744917 -0.52422565 1.58000016212
1633528962.14 -0.444850802422 0.557137310505 0.450190246105 -0.17744917 -0.52422565 0.345999956131
1633528969.03 -0.391836196184 0.457340061665 0.441466331482 -0.17744917 -0.52422565 0.0439999103546
1633528975.18 -0.356208264828 0.509460449219 0.363992214203 -0.17744917 -0.52422565 5.88999986649
1633528981.14 -0.428389310837 0.679089725018 0.451459407806 -0.17744917 -0.52422565 0.776000022888
1633528987.36 -0.45869705081 0.499749541283 0.450489223003 -0.17744917 -0.52422565 2.90599989891
1633529021.69 -0.355418682098 0.461169630289 0.371637821198 -0.17744917 -0.52422565 0.0090000629425
1633529021.9 -0.360601752996 0.461974143982 0.407156556845 -0.17744917 -0.52422565 0.201000213623
1633529147.26 -0.356053054333 0.461435705423 0.403026521206 -0.17744917 -0.52422565 0.292999982834
1633529148.8 -0.35677754879 0.619194984436 0.39781075716 -0.17744917 -0.52422565 1.04000020027
1633529181.14 -0.459275960922 0.465800017118 0.304860413074 -0.17744917 -0.52422565 1.78900003433
1633529182.03 -0.503072619438 0.465538561344 0.357627391815 -0.17744917 -0.52422565 0.0340001583099
1633529182.05 -0.504643380642 0.46522346139 0.361948400736 -0.17744917 -0.52422565 0.0169999599457
1633529199.81 -0.49879810214 0.466502606869 0.412115603685 -0.17744917 -0.52422565 0.589000225067
1633529201.74 -0.505251526833 0.466045737267 0.355668932199 -0.17744917 -0.52422565 1.3259999752
1633529205.77 -0.499370455742 0.678333103657 0.405627042055 -0.17744917 -0.52422565 0.84500002861
1633529205.79 -0.499555408955 0.677295327187 0.40534645319 -0.17744917 -0.52422565 0.0090000629425
1633529207.18 -0.359677433968 0.485553860664 0.402068197727 -0.17744917 -0.52422565 0.962000131607
1633529207.19 -0.357977628708 0.489537239075 0.401510715485 -0.17744917 -0.52422565 0.00799989700317
1633529209.22 -0.482738018036 0.551635801792 0.321691602468 -0.17744917 -0.52422565 1.19600009918
1633529214.14 -0.490253269672 0.552462518215 0.424772679806 -0.17744917 -0.52422565 0.475000143051
1633529218.7 -0.502575576305 0.557721078396 0.402136981487 -0.17744917 -0.52422565 0.105000019073
1633529219.01 -0.502252817154 0.559459805489 0.4008936584 -0.17744917 -0.52422565 0.131000041962
1633529219.1 -0.506134927273 0.562502503395 0.403044193983 -0.17744917 -0.52422565 0.0839998722076
1633529219.61 -0.503604650497 0.55933123827 0.405174463987 -0.17744917 -0.52422565 0.474999904633
1633529226.51 -0.34016546607 0.462105512619 0.350980252028 -0.17744917 -0.52422565 1.22399997711
1633529242.35 -0.459686160088 0.515319466591 0.306903868914 -0.17744917 -0.52422565 0.559000015259
1633529243.72 -0.411103487015 0.528787851334 0.302685260773 -0.17744917 -0.52422565 0.018000125885
1633529243.8 -0.398219138384 0.493811458349 0.307464540005 -0.17744917 -0.52422565 0.0600001811981
1633529244.44 -0.357421010733 0.462556034327 0.400374352932 -0.17744917 -0.52422565 0.0589997768402
1633529245.71 -0.383161365986 0.600852012634 0.43524184823 -0.17744917 -0.52422565 0.566999912262
1633529361.13 -0.50206631422 0.505892634392 0.400752007961 -0.17744917 -0.52422565 0.337999820709
1633529407.7 -0.373940557241 0.473418474197 0.431841731071 -0.17744917 -0.52422565 0.37700009346
