1633527888.95 -0.397725760937 0.668594181538 0.414760023355 -0.17744917 -0.52422565
1633527905.71 -0.430468887091 0.700913965702 0.339535534382 -0.17744917 -0.52422565
1633528091.3 -0.425810754299 0.462769061327 0.364754140377 -0.17744917 -0.52422565
1633528098.24 -0.438746511936 0.676112174988 0.372428357601 -0.17744917 -0.52422565
1633528142.67 -0.395429253578 0.662388145924 0.390346884727 -0.17744917 -0.52422565
1633528150.6 -0.435605347157 0.645740628242 0.336937636137 -0.17744917 -0.52422565
1633528152.61 -0.488214164972 0.640667200089 0.401142895222 -0.17744917 -0.52422565
1633528220.04 -0.37319535017 0.675507485867 0.34762942791 -0.17744917 -0.52422565
1633528224.53 -0.430352330208 0.644157648087 0.450814455748 -0.17744917 -0.52422565
1633528251.0 -0.364018410444 0.459662586451 0.374546676874 -0.17744917 -0.52422565
1633528318.04 -0.362843334675 0.705537378788 0.356954991817 -0.17744917 -0.52422565
1633528328.01 -0.386922478676 0.70279610157 0.412127226591 -0.17744917 -0.52422565
1633528425.77 -0.413844048977 0.651761591434 0.326653987169 -0.17744917 -0.52422565
1633528551.0 -0.43308275938 0.693632185459 0.41734418273 -0.17744917 -0.52422565
1633528609.77 -0.45645031333 0.49172693491 0.383499264717 -0.17744917 -0.52422565
1633528666.01 -0.450125008821 0.671887636185 0.372950971127 -0.17744917 -0.52422565
1633528789.22 -0.476709842682 0.659044146538 0.33822670579 -0.17744917 -0.52422565
1633528952.01 -0.494430482388 0.467326194048 0.347630947828 -0.17744917 -0.52422565
1633528970.8 -0.444331854582 0.465564846992 0.38479745388 -0.17744917 -0.52422565
1633528974.39 -0.386068284512 0.668830990791 0.405882030725 -0.17744917 -0.52422565
1633528981.13 -0.428292632103 0.679358482361 0.45091381669 -0.17744917 -0.52422565
1633528984.95 -0.412388950586 0.684926748276 0.443163305521 -0.17744917 -0.52422565
1633529148.44 -0.407431900501 0.653234422207 0.371481060982 -0.17744917 -0.52422565
1633529179.97 -0.365430623293 0.696071326733 0.354316413403 -0.17744917 -0.52422565
1633529205.44 -0.493028074503 0.680979430676 0.408806651831 -0.17744917 -0.52422565
1633529208.53 -0.475073873997 0.708991110325 0.406972438097 -0.17744917 -0.52422565
