1648207985.92 -0.391406685114 0.697231709957 0.389704167843 -0.17744917 -0.52422565
1648207987.93 -0.43284124136 0.735209822655 0.389861643314 -0.17744917 -0.52422565
1648207998.39 -0.446391314268 0.718356192112 0.376641660929 -0.17744917 -0.52422565
1648208006.68 -0.426337212324 0.663106501102 0.338999062777 -0.17744917 -0.52422565
1648208008.69 -0.372745066881 0.705765247345 0.346213668585 -0.17744917 -0.52422565
1648208020.69 -0.381302118301 0.641422748566 0.330185204744 -0.17744917 -0.52422565
1648208022.7 -0.367945730686 0.717530608177 0.364054143429 -0.17744917 -0.52422565
1648208065.95 -0.390360862017 0.695945560932 0.301217019558 -0.17744917 -0.52422565
1648208067.96 -0.383161604404 0.706839323044 0.372561067343 -0.17744917 -0.52422565
1648208092.77 -0.408070713282 0.621198058128 0.286115944386 -0.17744917 -0.52422565
1648208109.79 -0.0445517674088 0.707340300083 0.654808104038 0.25623262 -0.21538639
1648208111.8 -0.013779707253 0.639327466488 0.637008309364 0.25623262 -0.21538639
1648208159.51 -0.047681465745 0.678523778915 0.639733314514 0.25623262 -0.21538639
1648208190.18 0.00798187404871 0.632319569588 0.669609248638 0.25623262 -0.21538639
1648208203.52 0.00451974570751 0.716392636299 0.632188677788 0.25623262 -0.21538639
1648208220.18 0.00473906844854 0.656957507133 0.61526709795 0.25623262 -0.21538639
1648208234.86 -0.00410559028387 0.704122543335 0.62562084198 0.25623262 -0.21538639
1648208246.6 0.0202094130218 0.684377729893 0.531132519245 0.25623262 -0.21538639
1648208257.34 0.00142231583595 0.67628633976 0.610387921333 0.25623262 -0.21538639
1648208259.35 0.0387220196426 0.709542393684 0.549689650536 0.25623262 -0.21538639
1648208267.75 -0.280699849129 0.715839326382 0.29081761837 0.015488266 -0.5892448
1648208269.76 -0.235376775265 0.70516294241 0.346135556698 0.015488266 -0.5892448
1648208283.13 -0.201073437929 0.688872218132 0.286219954491 0.015488266 -0.5892448
1648208285.14 -0.275859862566 0.665050685406 0.28833425045 0.015488266 -0.5892448
1648208317.25 -0.243716716766 0.666420698166 0.322794318199 0.015488266 -0.5892448
1648208319.26 -0.29650914669 0.70595741272 0.411831855774 0.015488266 -0.5892448
1648208325.82 -0.269805490971 0.672163903713 0.287585139275 0.015488266 -0.5892448
1648208327.83 -0.316168159246 0.688378930092 0.399261891842 0.015488266 -0.5892448
1648208378.69 -0.284966439009 0.707156062126 0.280037254095 0.015488266 -0.5892448
1648208380.7 -0.315664738417 0.722131192684 0.31786519289 0.015488266 -0.5892448
1648208402.35 -0.105226546526 0.673860251904 1.47393286228 0.16644001 0.5526701
1648208404.36 -0.0926245227456 0.696731865406 1.42323112488 0.16644001 0.5526701
1648208430.89 -0.0549259483814 0.714911222458 1.44036448002 0.16644001 0.5526701
1648208432.9 -0.0505951344967 0.721091032028 1.47769463062 0.16644001 0.5526701
1648208450.86 -0.0349413380027 0.660412013531 1.38487315178 0.16644001 0.5526701
1648208453.56 -0.0904304683208 0.670539438725 1.34150755405 0.16644001 0.5526701
1648208457.88 -0.0925123542547 0.683696866035 1.41252076626 0.16644001 0.5526701
1648208494.33 -0.0963868349791 0.643522262573 1.41434562206 0.16644001 0.5526701
1648208497.12 -0.0326020121574 0.718423962593 1.37555003166 0.16644001 0.5526701
1648208521.85 -0.0344778597355 0.671719431877 1.33431112766 0.16644001 0.5526701
1648208563.71 -0.30682349205 0.712014198303 0.317109137774 -0.039892808 -0.6304944
1648208574.64 -0.342470943928 0.693562865257 0.342906534672 -0.039892808 -0.6304944
1648208581.31 -0.338546127081 0.709731638432 0.232840299606 -0.039892808 -0.6304944
1648208583.32 -0.290393650532 0.695908725262 0.222705096006 -0.039892808 -0.6304944
1648208598.64 -0.325776308775 0.72092872858 0.215810015798 -0.039892808 -0.6304944
1648208600.66 -0.405963778496 0.724035978317 0.271793305874 -0.039892808 -0.6304944
1648208611.53 -0.272125393152 0.711141526699 0.258637547493 -0.039892808 -0.6304944
1648208613.53 -0.236238390207 0.706571221352 0.262089818716 -0.039892808 -0.6304944
1648208640.84 -0.286779552698 0.711501836777 0.268850803375 -0.039892808 -0.6304944
1648208642.85 -0.325527012348 0.729903995991 0.284624040127 -0.039892808 -0.6304944
1648208658.98 -0.478767186403 0.699085235596 0.982795119286 -0.25696042 0.079459116
1648208660.99 -0.37248891592 0.637665212154 1.01419734955 -0.25696042 0.079459116
1648208690.37 -0.457694470882 0.711440145969 0.982478499413 -0.25696042 0.079459116
1648208692.38 -0.376766979694 0.698461174965 1.0053473711 -0.25696042 0.079459116
1648208709.57 -0.479948312044 0.715606212616 0.926612973213 -0.25696042 0.079459116
1648208711.58 -0.488107770681 0.710179269314 0.954734861851 -0.25696042 0.079459116
1648208728.3 -0.495103538036 0.690477371216 0.921638309956 -0.25696042 0.079459116
1648208730.31 -0.462627291679 0.62168943882 1.03337740898 -0.25696042 0.079459116
1648208750.66 -0.517946541309 0.698229253292 0.976293563843 -0.25696042 0.079459116
1648208752.67 -0.531035065651 0.71280425787 0.94800645113 -0.25696042 0.079459116
1648208764.82 -0.254042237997 0.674571275711 1.2938119173 0.024964616 0.36928415
1648208794.62 -0.302055805922 0.647331595421 1.19736492634 0.024964616 0.36928415
1648208798.04 -0.250734210014 0.656305253506 1.24135231972 0.024964616 0.36928415
1648208823.64 -0.161352410913 0.645717144012 1.18232810497 0.024964616 0.36928415
1648208837.81 -0.22181096673 0.7238753438 1.21827554703 0.024964616 0.36928415
1648208873.6 -0.138918042183 0.672931849957 1.29257082939 0.024964616 0.36928415
1648208875.6 -0.161520391703 0.704741716385 1.27479422092 0.024964616 0.36928415
1648208884.74 -0.190416663885 0.655224561691 1.36298644543 0.024964616 0.36928415
1648208902.05 -0.179643183947 0.677664875984 1.29839158058 0.024964616 0.36928415
1648208923.34 -0.15957428515 0.661368072033 1.31768321991 0.024964616 0.36928415
1648208932.61 -0.17681196332 0.686580240726 0.733551383018 0.07733102 -0.13964562
1648208934.62 -0.16022323072 0.716507077217 0.692849755287 0.07733102 -0.13964562
1648208944.96 -0.201385483146 0.694886922836 0.712545394897 0.07733102 -0.13964562
1648208968.92 -0.219686061144 0.620908498764 0.756704866886 0.07733102 -0.13964562
1648208973.14 -0.224997758865 0.72029042244 0.742894470692 0.07733102 -0.13964562
1648208999.81 -0.126307487488 0.660327076912 0.656687021255 0.07733102 -0.13964562
1648209001.87 -0.16076131165 0.715869009495 0.712135314941 0.07733102 -0.13964562
1648209022.69 -0.127386122942 0.621066093445 0.700186431408 0.07733102 -0.13964562
1648209024.7 -0.146043866873 0.706553936005 0.745737969875 0.07733102 -0.13964562
1648209039.78 -0.134728252888 0.665712356567 0.613452970982 0.07733102 -0.13964562
1648209063.84 -0.154243141413 0.638792276382 1.40035367012 0.039156865 0.48298356
1648209065.86 -0.197650104761 0.627433180809 1.37369370461 0.039156865 0.48298356
1648209089.53 -0.232916176319 0.703160107136 1.32260322571 0.039156865 0.48298356
1648209092.46 -0.198770046234 0.670405447483 1.2137979269 0.039156865 0.48298356
1648209114.03 -0.179801359773 0.694048821926 1.32602334023 0.039156865 0.48298356
1648209116.04 -0.161983266473 0.70011651516 1.34097850323 0.039156865 0.48298356
1648209143.81 -0.215337082744 0.697101473808 1.32895922661 0.039156865 0.48298356
1648209145.82 -0.22586774826 0.688374698162 1.25623869896 0.039156865 0.48298356
1648209163.58 -0.173110917211 0.682279109955 1.35244703293 0.039156865 0.48298356
1648209173.46 -0.101586297154 0.661292374134 1.28064870834 0.039156865 0.48298356
1648209199.65 -0.314120590687 0.673991858959 0.0831261277199 -0.069137886 -0.79254484
1648209201.66 -0.375298082829 0.721520602703 0.105270713568 -0.069137886 -0.79254484
1648209343.88 -0.358116447926 0.719759404659 0.128672808409 -0.069137886 -0.79254484
1648209345.89 -0.408687800169 0.707223892212 0.129761517048 -0.069137886 -0.79254484
1648209364.54 -0.352382689714 0.700783491135 0.106363363564 -0.069137886 -0.79254484
1648209366.55 -0.448955655098 0.706555664539 0.150138571858 -0.069137886 -0.79254484
1648209381.35 -0.337758004665 0.681714832783 0.0713105350733 -0.069137886 -0.79254484
1648209383.36 -0.319248110056 0.71989351511 0.0520375669003 -0.069137886 -0.79254484
1648209402.76 -0.345249474049 0.651447057724 0.0648823678493 -0.069137886 -0.79254484
1648209404.77 -0.382200360298 0.730862855911 0.106310121715 -0.069137886 -0.79254484
1648209455.93 -0.465263158083 0.685567617416 1.19675529003 -0.27990508 0.295774
1648209520.53 -0.462445169687 0.717863380909 1.15928125381 -0.27990508 0.295774
1648209535.12 -0.482982516289 0.65494543314 1.21599519253 -0.27990508 0.295774
1648209537.13 -0.425825625658 0.657148778439 1.23416614532 -0.27990508 0.295774
1648209557.16 -0.46425640583 0.680125176907 1.16362190247 -0.27990508 0.295774
1648209571.88 -0.423148721457 0.638939321041 1.21309649944 -0.27990508 0.295774
1648209591.77 -0.471850335598 0.707402050495 1.18471121788 -0.27990508 0.295774
