1648207988.4 -0.483355075121 0.547004699707 0.298493415117 -0.17744917 -0.52422565 3.45600008965
1648207988.44 -0.471749722958 0.51620900631 0.290428042412 -0.17744917 -0.52422565 0.0250000953674
1648207988.48 -0.46605694294 0.485287547112 0.285733014345 -0.17744917 -0.52422565 0.0250000953674
1648207988.51 -0.466297090054 0.469116389751 0.280583739281 -0.17744917 -0.52422565 0.0090000629425
1648207994.81 -0.404505342245 0.442782461643 0.427068531513 -0.17744917 -0.52422565 0.729000091553
1648207996.4 -0.439038395882 0.45743983984 0.431447148323 -0.17744917 -0.52422565 0.930000066757
1648207996.42 -0.441727250814 0.45561081171 0.432953029871 -0.17744917 -0.52422565 0.00800013542175
1648207997.55 -0.506662726402 0.556565523148 0.374832332134 -0.17744917 -0.52422565 0.0340001583099
1648207999.98 -0.301022469997 0.69061511755 0.430686354637 -0.17744917 -0.52422565 2.11199998856
1648208009.21 -0.379471927881 0.451135754585 0.499126762152 -0.17744917 -0.52422565 4.05100011826
1648208017.36 -0.522758603096 0.472179144621 0.481952279806 -0.17744917 -0.52422565 1.08400011063
1648208019.56 -0.317505776882 0.505265116692 0.256657868624 -0.17744917 -0.52422565 0.842000007629
1648208023.5 -0.2976565063 0.682381153107 0.420725703239 -0.17744917 -0.52422565 3.31699991226
1648208024.77 -0.383363187313 0.470664441586 0.500145494938 -0.17744917 -0.52422565 0.557999849319
1648208026.03 -0.585593283176 0.455677956343 0.342940181494 -0.17744917 -0.52422565 0.901000022888
1648208026.07 -0.587422192097 0.452397048473 0.346776992083 -0.17744917 -0.52422565 0.0249998569489
1648208026.08 -0.593400418758 0.454953372478 0.344684392214 -0.17744917 -0.52422565 0.0090000629425
1648208026.2 -0.583247005939 0.449924111366 0.346411943436 -0.17744917 -0.52422565 0.0090000629425
1648208026.23 -0.588590979576 0.44766998291 0.356542915106 -0.17744917 -0.52422565 0.0090000629425
1648208028.23 -0.53942412138 0.467315047979 0.24957741797 -0.17744917 -0.52422565 1.43400001526
1648208037.09 -0.554490625858 0.458326399326 0.44874471426 -0.17744917 -0.52422565 0.0090000629425
1648208037.12 -0.553004086018 0.456933021545 0.453975230455 -0.17744917 -0.52422565 0.0090000629425
1648208037.14 -0.548790216446 0.453851521015 0.452905386686 -0.17744917 -0.52422565 0.00899982452393
1648208037.57 -0.516624510288 0.461825013161 0.48043346405 -0.17744917 -0.52422565 0.0169999599457
1648208037.6 -0.513902664185 0.465929269791 0.484333962202 -0.17744917 -0.52422565 0.0250000953674
1648208037.69 -0.507851779461 0.469783902168 0.486716717482 -0.17744917 -0.52422565 0.0770001411438
1648208037.7 -0.50840818882 0.469021379948 0.487943232059 -0.17744917 -0.52422565 0.0090000629425
1648208037.72 -0.508240401745 0.469383895397 0.490878760815 -0.17744917 -0.52422565 0.0090000629425
1648208037.76 -0.502239823341 0.470464497805 0.49181035161 -0.17744917 -0.52422565 0.00799989700317
1648208037.79 -0.496440440416 0.475538790226 0.493055194616 -0.17744917 -0.52422565 0.0090000629425
1648208038.02 -0.467862844467 0.472436547279 0.502673983574 -0.17744917 -0.52422565 0.210000038147
1648208038.56 -0.398014724255 0.467951238155 0.50616300106 -0.17744917 -0.52422565 0.266000032425
1648208055.95 -0.499376028776 0.463618218899 0.492135345936 -0.17744917 -0.52422565 1.19199991226
1648208068.95 -0.436882168055 0.452805280685 0.512907207012 -0.17744917 -0.52422565 4.4509999752
1648208088.94 -0.359157145023 0.47705245018 0.224156618118 -0.17744917 -0.52422565 0.626000165939
1648208092.23 -0.546847343445 0.681584775448 0.258415877819 -0.17744917 -0.52422565 0.00800013542175
1648208092.78 -0.408070713282 0.621198058128 0.286115944386 0.25623262 -0.21538639 0.542000055313
1648208102.56 -0.0506728664041 0.439581334591 0.717568814754 0.25623262 -0.21538639 0.047000169754
1648208102.72 -0.0679965466261 0.437010526657 0.691139042377 0.25623262 -0.21538639 0.142000198364
1648208103.0 -0.0679688453674 0.437880456448 0.689708590508 0.25623262 -0.21538639 0.0169999599457
1648208103.07 -0.0726316794753 0.449351102114 0.669342339039 0.25623262 -0.21538639 0.0590000152588
1648208103.09 -0.0755905732512 0.448775559664 0.672923743725 0.25623262 -0.21538639 0.0169999599457
1648208103.22 -0.0526473149657 0.446746468544 0.719472706318 0.25623262 -0.21538639 0.108999967575
1648208103.28 -0.0389225520194 0.440067648888 0.72657674551 0.25623262 -0.21538639 0.0210001468658
1648208103.32 -0.0326510965824 0.434278458357 0.730244994164 0.25623262 -0.21538639 0.0199999809265
1648208103.4 -0.015534080565 0.438873976469 0.735450387001 0.25623262 -0.21538639 0.00599980354309
1648208103.46 -0.0121564324945 0.437289506197 0.738766133785 0.25623262 -0.21538639 0.0179998874664
1648208103.48 -0.00613266602159 0.435038089752 0.74940776825 0.25623262 -0.21538639 0.0170001983643
1648208103.57 -0.00331207178533 0.433772325516 0.74919885397 0.25623262 -0.21538639 0.0699999332428
1648208103.6 0.000720957294106 0.437852084637 0.73853290081 0.25623262 -0.21538639 0.0190000534058
1648208105.37 -0.0699876099825 0.4447504282 0.632261753082 0.25623262 -0.21538639 0.5640001297
1648208112.71 0.068343475461 0.448934942484 0.709117472172 0.25623262 -0.21538639 4.17600011826
1648208112.99 0.0675360411406 0.445213317871 0.704223096371 0.25623262 -0.21538639 0.266999959946
1648208113.15 -0.00105083640665 0.447148442268 0.739775002003 0.25623262 -0.21538639 0.141999959946
1648208113.17 -0.00343719101511 0.44370508194 0.73930388689 0.25623262 -0.21538639 0.0090000629425
1648208128.89 -0.0628875344992 0.553977370262 0.608465611935 0.25623262 -0.21538639 0.475000143051
1648208158.27 0.0469887629151 0.520246148109 0.595794022083 0.25623262 -0.21538639 0.303999900818
1648208159.97 -0.148626446724 0.604540944099 0.659976601601 0.25623262 -0.21538639 0.96799993515
1648208160.81 -0.147230535746 0.70545732975 0.682135462761 0.25623262 -0.21538639 0.213999986649
1648208161.33 -0.148291245103 0.689959824085 0.666604220867 0.25623262 -0.21538639 0.325000047684
1648208190.45 -0.073216766119 0.583149075508 0.638626098633 0.25623262 -0.21538639 1.96000003815
1648208202.16 0.0370134860277 0.439640820026 0.592464506626 0.25623262 -0.21538639 1.08800005913
1648208202.57 0.0575465150177 0.456706404686 0.61086332798 0.25623262 -0.21538639 0.0130000114441
1648208202.6 0.0695092529058 0.473355084658 0.620981395245 0.25623262 -0.21538639 0.0090000629425
1648208202.63 0.071000918746 0.481611698866 0.635464310646 0.25623262 -0.21538639 0.018000125885
1648208204.13 -0.0918594300747 0.634355723858 0.544964194298 0.25623262 -0.21538639 1.1210000515
1648208210.83 0.0919262170792 0.431163489819 0.786154925823 0.25623262 -0.21538639 0.892999887466
1648208220.32 -0.0348658524454 0.641809523106 0.595516264439 0.25623262 -0.21538639 1.49300003052
1648208235.46 -0.0600433461368 0.640973567963 0.524763345718 0.25623262 -0.21538639 1.71200013161
1648208235.48 -0.0594221055508 0.636908888817 0.520914554596 0.25623262 -0.21538639 0.0090000629425
1648208239.81 -0.00140790303703 0.437631189823 0.813960254192 0.25623262 -0.21538639 2.375
1648208239.83 0.00317366048694 0.434460788965 0.81344306469 0.25623262 -0.21538639 0.0169999599457
1648208239.89 -0.000567756127566 0.436120569706 0.81807667017 0.25623262 -0.21538639 0.050999879837
1648208245.64 0.0165650621057 0.551364660263 0.510632753372 0.25623262 -0.21538639 0.209000110626
1648208246.08 0.078114464879 0.6175339818 0.53310662508 0.25623262 -0.21538639 0.00800013542175
1648208246.61 0.0181314870715 0.685015320778 0.531220316887 0.25623262 -0.21538639 0.516999959946
1648208258.24 0.0394400581717 0.706739127636 0.517040252686 0.25623262 -0.21538639 2.04499983788
1648208259.36 0.0387595593929 0.709710419178 0.548693656921 0.015488266 -0.5892448 1.10000014305
1648208270.07 -0.215847194195 0.672517716885 0.365987032652 0.015488266 -0.5892448 3.47100019455
1648208270.44 -0.168023228645 0.471188247204 0.49440574646 0.015488266 -0.5892448 0.0090000629425
1648208282.15 -0.165034905076 0.559551715851 0.290818631649 0.015488266 -0.5892448 0.0090000629425
1648208282.16 -0.165161162615 0.561215758324 0.287690460682 0.015488266 -0.5892448 0.0090000629425
1648208285.52 -0.311568588018 0.592192709446 0.323666542768 0.015488266 -0.5892448 3.31399989128
1648208319.27 -0.296643018723 0.707375884056 0.411122381687 0.015488266 -0.5892448 2.52399992943
1648208320.59 -0.181470200419 0.451698511839 0.365504592657 0.015488266 -0.5892448 0.882999897003
1648208322.58 -0.316549479961 0.440685510635 0.284341514111 0.015488266 -0.5892448 0.3140001297
1648208324.06 -0.250206887722 0.444676429033 0.207273542881 0.015488266 -0.5892448 0.0249998569489
1648208324.1 -0.242727652192 0.44138404727 0.214731007814 0.015488266 -0.5892448 0.0259997844696
1648208326.19 -0.346557497978 0.632623851299 0.399144053459 0.015488266 -0.5892448 0.882999897003
1648208327.83 -0.314944267273 0.691372394562 0.401747018099 0.015488266 -0.5892448 0.625
1648208344.54 -0.226552784443 0.439957678318 0.393372923136 0.015488266 -0.5892448 0.00999999046326
1648208345.23 -0.254571974277 0.442224979401 0.384652972221 0.015488266 -0.5892448 0.542999982834
1648208346.02 -0.312652468681 0.46894210577 0.332301557064 0.015488266 -0.5892448 0.0299999713898
1648208380.71 -0.315357685089 0.723143041134 0.320218861103 0.16644001 0.5526701 3.23500013351
1648208401.33 -0.105159632862 0.577498078346 1.50365889072 0.16644001 0.5526701 0.50200009346
1648208401.37 -0.107072517276 0.572374582291 1.51346445084 0.16644001 0.5526701 0.00799989700317
1648208401.47 -0.116832539439 0.595154047012 1.49920344353 0.16644001 0.5526701 0.0199999809265
1648208401.72 -0.122025221586 0.595194518566 1.49749445915 0.16644001 0.5526701 0.0139999389648
1648208401.74 -0.116206504405 0.584463298321 1.51278805733 0.16644001 0.5526701 0.00600004196167
1648208402.44 0.0733911246061 0.645321667194 1.49727356434 0.16644001 0.5526701 0.694999933243
1648208404.62 -0.089622810483 0.511463582516 1.3576464653 0.16644001 0.5526701 2.16699981689
1648208404.64 -0.088664226234 0.505533337593 1.35465252399 0.16644001 0.5526701 0.00800013542175
1648208430.06 -0.0170015394688 0.571021854877 1.46799314022 0.16644001 0.5526701 0.283999919891
1648208430.08 -0.0145589262247 0.572323858738 1.4655444622 0.16644001 0.5526701 0.00800013542175
1648208434.79 -0.0962896645069 0.583677172661 1.35252976418 0.16644001 0.5526701 4.46900010109
1648208451.38 0.0112801417708 0.659781336784 1.31296920776 0.16644001 0.5526701 1.62199997902
1648208453.57 -0.0904304683208 0.670539438725 1.34150755405 0.16644001 0.5526701 0.516999959946
1648208455.57 -0.156021401286 0.662884712219 1.41159427166 0.16644001 0.5526701 0.00799989700317
1648208455.89 -0.149603128433 0.693775415421 1.39742493629 0.16644001 0.5526701 0.317000150681
1648208458.32 0.0327942334116 0.589326202869 1.33176636696 0.16644001 0.5526701 0.947000026703
1648208492.49 -0.229799032211 0.51636505127 1.46187341213 0.16644001 0.5526701 0.983999967575
1648208495.28 -0.0445248112082 0.686095952988 1.365421772 0.16644001 0.5526701 1.4430000782
1648208496.12 -0.0748243778944 0.719597220421 1.35590279102 0.16644001 0.5526701 0.0480000972748
1648208499.42 -0.183876127005 0.449257850647 1.54614305496 0.16644001 0.5526701 2.80500006676
1648208499.47 -0.183933526278 0.44545224309 1.54379165173 0.16644001 0.5526701 0.0429999828339
1648208499.48 -0.184867411852 0.446502745152 1.54152011871 0.16644001 0.5526701 0.0090000629425
1648208499.5 -0.183245196939 0.447328299284 1.5443611145 0.16644001 0.5526701 0.0090000629425
1648208499.53 -0.183187156916 0.449730813503 1.54591071606 0.16644001 0.5526701 0.0170001983643
1648208499.59 -0.183220431209 0.447034537792 1.54293370247 0.16644001 0.5526701 0.0420000553131
1648208499.72 -0.185841798782 0.447671830654 1.54207873344 0.16644001 0.5526701 0.0499999523163
1648208499.75 -0.184907630086 0.447018533945 1.54140651226 0.16644001 0.5526701 0.00799989700317
1648208500.43 0.00352260656655 0.624152064323 1.60303151608 0.16644001 0.5526701 0.643000125885
1648208502.02 0.0773374810815 0.444052457809 1.44496631622 0.16644001 0.5526701 0.0249998569489
1648208502.09 0.0751967579126 0.448405623436 1.40607738495 0.16644001 0.5526701 0.0169999599457
1648208502.11 0.0690150111914 0.444167584181 1.4081619978 0.16644001 0.5526701 0.0090000629425
1648208502.18 0.0618684738874 0.447152197361 1.38779902458 0.16644001 0.5526701 0.066999912262
1648208502.23 0.0655499100685 0.445105314255 1.37747776508 0.16644001 0.5526701 0.0169999599457
1648208507.38 -0.210459187627 0.656083405018 1.35143315792 0.16644001 0.5526701 0.0249998569489
1648208508.23 -0.0880163162947 0.612238764763 1.28119575977 0.16644001 0.5526701 0.306999921799
1648208521.85 -0.0347736626863 0.671194553375 1.33430552483 -0.039892808 -0.6304944 1.37600016594
1648208562.19 -0.240555390716 0.446533530951 0.299640327692 -0.039892808 -0.6304944 1.20199990273
1648208562.22 -0.239400565624 0.44579577446 0.303005754948 -0.039892808 -0.6304944 0.0169999599457
1648208562.27 -0.237413764 0.444611132145 0.301426440477 -0.039892808 -0.6304944 0.00999999046326
1648208562.28 -0.236279219389 0.446377068758 0.301250338554 -0.039892808 -0.6304944 0.00599980354309
1648208562.77 -0.238953113556 0.46271944046 0.304438412189 -0.039892808 -0.6304944 0.401999950409
1648208564.14 -0.402190804482 0.663563251495 0.357038378716 -0.039892808 -0.6304944 0.992999792099
1648208574.65 -0.339733660221 0.694563746452 0.343624204397 -0.039892808 -0.6304944 1.09999990463
1648208576.76 -0.347473621368 0.542045652866 0.307475864887 -0.039892808 -0.6304944 0.145999908447
1648208580.53 -0.349738389254 0.557265996933 0.194101795554 -0.039892808 -0.6304944 0.175000190735
1648208580.73 -0.339691191912 0.58597946167 0.171520277858 -0.039892808 -0.6304944 0.0090000629425
1648208583.96 -0.222313672304 0.526877343655 0.271885842085 -0.039892808 -0.6304944 3.17100000381
1648208597.65 -0.292259216309 0.556246995926 0.173245280981 -0.039892808 -0.6304944 0.34099984169
1648208598.12 -0.28537851572 0.688718616962 0.17487514019 -0.039892808 -0.6304944 0.00799989700317
1648208600.66 -0.40598192811 0.723708450794 0.270781815052 -0.039892808 -0.6304944 2.52900004387
1648208601.54 -0.23886808753 0.477343857288 0.309830129147 -0.039892808 -0.6304944 0.299999952316
1648208613.65 -0.222123250365 0.696761608124 0.260031908751 -0.039892808 -0.6304944 3.64300012589
1648208642.85 -0.325838446617 0.727835774422 0.286391019821 -0.25696042 0.079459116 2.51400017738
1648208658.28 -0.516862332821 0.582878172398 1.03633105755 -0.25696042 0.079459116 0.621000051498
1648208658.46 -0.47177401185 0.625713050365 1.05071747303 -0.25696042 0.079459116 0.0550000667572
1648208659.57 -0.363216668367 0.662064373493 0.995874464512 -0.25696042 0.079459116 1.09899997711
1648208661.0 -0.371232151985 0.629651784897 1.01621520519 -0.25696042 0.079459116 1.40200018883
1648208689.52 -0.500906467438 0.485599517822 1.0357619524 -0.25696042 0.079459116 0.43700003624
1648208689.55 -0.503412723541 0.489162564278 1.03855323792 -0.25696042 0.079459116 0.0260000228882
1648208690.8 -0.364667207003 0.648977339268 1.00687253475 -0.25696042 0.079459116 1.13400006294
1648208692.39 -0.376766979694 0.698461174965 1.0053473711 -0.25696042 0.079459116 0.608999967575
1648208712.03 -0.550362944603 0.445141047239 1.02370655537 -0.25696042 0.079459116 3.10500001907
1648208715.35 -0.555259823799 0.45691421628 0.898323833942 -0.25696042 0.079459116 0.346999883652
1648208727.48 -0.521803975105 0.498057156801 0.884803652763 -0.25696042 0.079459116 0.695999860764
1648208729.28 -0.383559644222 0.659446537495 1.04366183281 -0.25696042 0.079459116 1.4960000515
1648208730.32 -0.463371455669 0.622603237629 1.03359699249 -0.25696042 0.079459116 0.908999919891
1648208730.67 -0.480351865292 0.444928228855 1.03050112724 -0.25696042 0.079459116 0.0999999046326
1648208730.68 -0.481006652117 0.442567646503 1.03121936321 -0.25696042 0.079459116 0.0090000629425
1648208752.68 -0.531123459339 0.712601721287 0.948388576508 0.024964616 0.36928415 3.09500002861
1648208766.79 -0.378598809242 0.664573788643 1.23783636093 0.024964616 0.36928415 3.14300012589
1648208794.62 -0.302417367697 0.647206962109 1.19743049145 0.024964616 0.36928415 0.566999912262
1648208795.45 -0.232850924134 0.676383435726 1.17384696007 0.024964616 0.36928415 0.332000017166
1648208795.88 -0.251573711634 0.705588102341 1.17695641518 0.024964616 0.36928415 0.199999809265
1648208796.85 -0.287634074688 0.696733534336 1.20580613613 0.024964616 0.36928415 0.319999933243
1648208798.86 -0.0810060054064 0.462488025427 1.20625197887 0.024964616 0.36928415 1.3220000267
1648208823.65 -0.161352410913 0.645717144012 1.18232810497 0.024964616 0.36928415 1.26699995995
1648208836.85 -0.185354635119 0.560764312744 1.18431138992 0.024964616 0.36928415 0.47000002861
1648208839.82 -0.164138928056 0.441719651222 1.11109900475 0.024964616 0.36928415 2.52199983597
1648208843.29 -0.170805543661 0.435267806053 1.10841858387 0.024964616 0.36928415 0.700000047684
1648208843.39 -0.166016057134 0.432790368795 1.10981297493 0.024964616 0.36928415 0.0920000076294
1648208843.43 -0.166732564569 0.432379573584 1.1101244688 0.024964616 0.36928415 0.0260000228882
1648208843.46 -0.167299002409 0.43256855011 1.10886013508 0.024964616 0.36928415 0.0169999599457
1648208843.49 -0.16808976233 0.429693639278 1.10561716557 0.024964616 0.36928415 0.0090000629425
1648208849.64 -0.31605130434 0.45813164115 1.12156522274 0.024964616 0.36928415 2.46700000763
1648208873.6 -0.138718187809 0.672447144985 1.29236161709 0.024964616 0.36928415 2.63399982452
1648208877.25 -0.0320057794452 0.522532403469 1.257152915 0.024964616 0.36928415 2.29200005531
1648208877.39 -0.0536575168371 0.44526720047 1.20665919781 0.024964616 0.36928415 0.118000030518
1648208884.08 -0.169498100877 0.565259575844 1.38868427277 0.024964616 0.36928415 0.900000095367
1648208884.75 -0.190623044968 0.655479550362 1.36274647713 0.024964616 0.36928415 0.618000030518
1648208900.26 -0.170831486583 0.547712504864 1.30244135857 0.024964616 0.36928415 0.302000045776
1648208901.19 -0.159332081676 0.679919481277 1.28526985645 0.024964616 0.36928415 0.484000205994
1648208904.81 -0.211650490761 0.440643846989 1.09549200535 0.024964616 0.36928415 3.25699996948
1648208923.34 -0.15816795826 0.659152626991 1.31692302227 0.07733102 -0.13964562 1.50099992752
1648208935.05 -0.211543008685 0.624585986137 0.667286217213 0.07733102 -0.13964562 2.9390001297
1648208947.4 -0.230892568827 0.445163995028 0.880511403084 0.07733102 -0.13964562 3.72300004959
1648208947.44 -0.22383916378 0.44622606039 0.884636163712 0.07733102 -0.13964562 0.00799989700317
1648208966.13 -0.0658329427242 0.440545588732 0.630782544613 0.07733102 -0.13964562 0.0169999599457
1648208966.24 -0.0378084629774 0.439658463001 0.657928705215 0.07733102 -0.13964562 0.0339999198914
1648208966.29 -0.0260038468987 0.436686635017 0.669658482075 0.07733102 -0.13964562 0.00899982452393
1648208966.63 -0.0325861275196 0.488614231348 0.787036955357 0.07733102 -0.13964562 0.066999912262
1648208969.13 -0.246245831251 0.619565010071 0.769894480705 0.07733102 -0.13964562 0.991999864578
1648208970.14 -0.231243953109 0.68564760685 0.798895776272 0.07733102 -0.13964562 0.00800013542175
1648208974.03 -0.326054036617 0.663941144943 0.750213861465 0.07733102 -0.13964562 1.45399999619
1648208974.2 -0.326261043549 0.662387669086 0.751822352409 0.07733102 -0.13964562 0.0090000629425
1648208994.52 -0.313056349754 0.450359582901 0.819098055363 0.07733102 -0.13964562 0.0090000629425
1648208994.6 -0.307316839695 0.448961704969 0.838882565498 0.07733102 -0.13964562 0.0090000629425
1648208994.62 -0.29163557291 0.444566309452 0.836024880409 0.07733102 -0.13964562 0.00899982452393
1648208994.64 -0.294799059629 0.444099605083 0.840925395489 0.07733102 -0.13964562 0.0090000629425
1648208994.65 -0.29477635026 0.448082208633 0.850398004055 0.07733102 -0.13964562 0.00800013542175
1648208994.69 -0.274046510458 0.456027895212 0.854670703411 0.07733102 -0.13964562 0.018000125885
1648208994.77 -0.257427364588 0.45785009861 0.868238389492 0.07733102 -0.13964562 0.0759999752045
1648208994.81 -0.2603982687 0.45565277338 0.878777444363 0.07733102 -0.13964562 0.00800013542175
1648208999.82 -0.126307487488 0.660327076912 0.656687021255 0.07733102 -0.13964562 1.60800004005
1648209000.95 -0.140343636274 0.711010098457 0.672603785992 0.07733102 -0.13964562 0.0260000228882
1648209002.35 -0.22188693285 0.468723297119 0.595140397549 0.07733102 -0.13964562 0.988999843597
1648209005.86 -0.327341794968 0.447989672422 0.75485932827 0.07733102 -0.13964562 0.00999999046326
1648209006.93 -0.0375275984406 0.440590262413 0.801028430462 0.07733102 -0.13964562 1.05900001526
1648209013.23 -0.303382486105 0.44575420022 0.824780523777 0.07733102 -0.13964562 0.0260000228882
1648209021.54 -0.325843900442 0.528200387955 0.758787214756 0.07733102 -0.13964562 0.717000007629
1648209022.94 -0.108717493713 0.644503653049 0.70499509573 0.07733102 -0.13964562 1.02600002289
1648209023.62 -0.100980192423 0.710978090763 0.731321513653 0.07733102 -0.13964562 0.00799989700317
1648209025.25 -0.10201048851 0.441253483295 0.870449185371 0.07733102 -0.13964562 1.0759999752
1648209038.88 -0.0909849405289 0.572974920273 0.614341974258 0.07733102 -0.13964562 0.917000055313
1648209039.79 -0.137220263481 0.666068136692 0.613234043121 0.039156865 0.48298356 0.518000125885
1648209066.14 -0.278087407351 0.455844312906 1.3279736042 0.039156865 0.48298356 3.67700004578
1648209090.45 -0.204314857721 0.674175262451 1.2121437788 0.039156865 0.48298356 1.86199998856
1648209090.47 -0.202463492751 0.674582719803 1.21161496639 0.039156865 0.48298356 0.00800013542175
1648209092.47 -0.197847723961 0.665107667446 1.21216630936 0.039156865 0.48298356 0.516999959946
1648209116.58 -0.282708734274 0.458206623793 1.38430511951 0.039156865 0.48298356 3.59700012207
1648209142.39 -0.219392418861 0.445732235909 1.28793382645 0.039156865 0.48298356 1.15999984741
1648209145.82 -0.225073099136 0.691710054874 1.2570400238 0.039156865 0.48298356 2.55399990082
1648209164.08 -0.0766388177872 0.626912474632 1.2925465107 0.039156865 0.48298356 1.6179997921
1648209170.76 -0.142544195056 0.548994719982 1.49650478363 0.039156865 0.48298356 0.233999967575
1648209173.47 -0.101159609854 0.661779463291 1.28052079678 -0.069137886 -0.79254484 0.726000070572
1648209196.77 -0.331747323275 0.703345179558 0.164027035236 -0.069137886 -0.79254484 0.692999839783
1648209197.67 -0.351007461548 0.70376431942 0.158676430583 -0.069137886 -0.79254484 0.134999990463
1648209198.46 -0.340169519186 0.715135514736 0.161403179169 -0.069137886 -0.79254484 0.407999992371
1648209202.17 -0.402676403522 0.627400279045 0.0759204924107 -0.069137886 -0.79254484 3.02599978447
1648209326.36 -0.249601215124 0.449877113104 0.0946059599519 -0.069137886 -0.79254484 0.0350000858307
1648209326.48 -0.244269132614 0.447647690773 0.0866975784302 -0.069137886 -0.79254484 0.101999998093
1648209343.09 -0.356233298779 0.696347117424 0.157102704048 -0.069137886 -0.79254484 0.888000011444
1648209345.9 -0.410554409027 0.705605089664 0.13051405549 -0.069137886 -0.79254484 2.52499985695
1648209346.43 -0.263307541609 0.580619931221 0.128267005086 -0.069137886 -0.79254484 0.417000055313
1648209366.56 -0.448955655098 0.706555664539 0.150138571858 -0.069137886 -0.79254484 3.66700005531
1648209380.46 -0.399738788605 0.677535116673 0.107247747481 -0.069137886 -0.79254484 0.959999799728
1648209384.08 -0.258165031672 0.637351751328 0.0563212186098 -0.069137886 -0.79254484 3.24500012398
1648209404.78 -0.381150096655 0.732093930244 0.107187487185 -0.27990508 0.295774 3.18400001526
1648209455.02 -0.469891041517 0.545009732246 1.22183775902 -0.27990508 0.295774 0.37900018692
1648209455.05 -0.469863116741 0.547473013401 1.22376227379 -0.27990508 0.295774 0.0090000629425
1648209455.1 -0.472803533077 0.557469367981 1.22654342651 -0.27990508 0.295774 0.0500001907349
1648209456.48 -0.381724953651 0.705010592937 1.15832901001 -0.27990508 0.295774 1.12199997902
1648209465.24 -0.463207513094 0.697220921516 1.04221558571 -0.27990508 0.295774 0.375999927521
1648209465.27 -0.462284743786 0.695761203766 1.04310882092 -0.27990508 0.295774 0.0090000629425
1648209465.64 -0.464456260204 0.694016575813 1.04107499123 -0.27990508 0.295774 0.342000007629
1648209482.42 -0.507573604584 0.448913902044 1.32610762119 -0.27990508 0.295774 0.00799989700317
1648209490.16 -0.538822591305 0.445548951626 1.02390837669 -0.27990508 0.295774 1.78399991989
1648209490.46 -0.485635340214 0.444003522396 1.03385138512 -0.27990508 0.295774 0.0419998168945
1648209490.76 -0.465109825134 0.446582734585 1.04904317856 -0.27990508 0.295774 0.274999856949
1648209490.86 -0.470380961895 0.451330512762 1.04097044468 -0.27990508 0.295774 0.0840001106262
1648209490.87 -0.465918242931 0.454036653042 1.03559923172 -0.27990508 0.295774 0.00899982452393
1648209519.71 -0.459206104279 0.687596142292 1.20078086853 -0.27990508 0.295774 1.22099995613
1648209520.56 -0.458741903305 0.72562533617 1.15395891666 -0.27990508 0.295774 0.532999992371
1648209537.14 -0.426600396633 0.652409791946 1.23601484299 -0.27990508 0.295774 3.125
1648209543.16 -0.498406857252 0.445567429066 1.10481321812 -0.27990508 0.295774 0.766999959946
1648209557.66 -0.382387936115 0.663649141788 1.14725494385 -0.27990508 0.295774 1.18200016022
1648209571.89 -0.419854938984 0.638732612133 1.21366226673 -0.27990508 0.295774 1.39999985695
1648209577.99 -0.494021981955 0.447949945927 1.10694360733 -0.27990508 0.295774 0.736000061035
1648209578.08 -0.504531145096 0.447389602661 1.10350143909 -0.27990508 0.295774 0.0279998779297
1648209578.27 -0.511480629444 0.44685536623 1.09820914268 -0.27990508 0.295774 0.177000045776
1648209594.08 -0.499297082424 0.449191153049 1.32525730133 -0.27990508 0.295774 3.32500004768
1648209594.53 -0.549096047878 0.449777066708 1.3290220499 -0.27990508 0.295774 0.442000150681
1648209597.07 -0.581210792065 0.447165727615 1.33205544949 -0.27990508 0.295774 0.0090000629425
1648209597.14 -0.584380209446 0.448375910521 1.32455575466 -0.27990508 0.295774 0.0500001907349
1648209597.25 -0.582551836967 0.450205624104 1.31889438629 -0.27990508 0.295774 0.0090000629425
1648209597.3 -0.583560168743 0.447736501694 1.32078969479 -0.27990508 0.295774 0.00799989700317
1648209601.35 -0.534554064274 0.448238283396 1.0238353014 -0.27990508 0.295774 2.10899996758
