1634220264.81 -0.435598194599 0.675534486771 0.384055793285 -0.17744917 -0.52422565
1634220287.5 -0.47919178009 0.697409927845 0.406544238329 -0.17744917 -0.52422565
1634220298.25 -0.396843343973 0.683384180069 0.404235869646 -0.17744917 -0.52422565
1634220313.8 -0.464151918888 0.62757897377 0.362272322178 -0.17744917 -0.52422565
1634220346.2 -0.497502863407 0.701041698456 0.37989962101 -0.17744917 -0.52422565
1634220435.2 -0.398083865643 0.670695245266 0.357015162706 -0.17744917 -0.52422565
1634220532.15 -0.490830510855 0.644289672375 0.337832182646 -0.17744917 -0.52422565
1634220555.27 -0.395887285471 0.714175879955 0.357640862465 -0.17744917 -0.52422565
1634220571.44 -0.377903342247 0.684398770332 0.359209030867 -0.17744917 -0.52422565
1634220614.92 -0.404758751392 0.67884427309 0.444127708673 -0.17744917 -0.52422565
1634220695.23 -0.371302753687 0.705767571926 0.37164875865 -0.17744917 -0.52422565
1634220698.01 -0.388328760862 0.628462195396 0.352038800716 -0.17744917 -0.52422565
1634220726.32 -0.440370202065 0.687425076962 0.365792572498 -0.17744917 -0.52422565
1634220813.49 -0.459404826164 0.678285360336 0.387252449989 -0.17744917 -0.52422565
1634220841.97 -0.399123817682 0.659440755844 0.443015307188 -0.17744917 -0.52422565
1634220936.15 -0.465246975422 0.635328829288 0.413774341345 -0.17744917 -0.52422565
1634221007.6 -0.387469500303 0.683521747589 0.337239444256 -0.17744917 -0.52422565
1634221053.3 -0.477925360203 0.644224882126 0.394571900368 -0.17744917 -0.52422565
1634221101.54 -0.47056800127 0.718523561954 0.332158207893 -0.17744917 -0.52422565
1634221117.3 -0.458262383938 0.676772773266 0.385820686817 -0.17744917 -0.52422565
1634221244.07 -0.475805491209 0.519875943661 0.333578377962 -0.17744917 -0.52422565
1634221256.46 -0.46491792798 0.697948515415 0.428376555443 -0.17744917 -0.52422565
1634221263.39 -0.45352140069 0.682427346706 0.426623821259 -0.17744917 -0.52422565
1634221379.77 -0.464383900166 0.669458866119 0.416749328375 -0.17744917 -0.52422565
1634221752.59 -0.417405545712 0.630223989487 0.382843881845 -0.17744917 -0.52422565
1634221948.79 -0.424697697163 0.68725925684 0.356339037418 -0.17744917 -0.52422565
1634221971.87 -0.407016962767 0.686293721199 0.424164026976 -0.17744917 -0.52422565
