1634220162.01 -0.474628388882 0.460510134697 0.309466183186 -0.17744917 -0.52422565 0.40499997139
1634220237.44 -0.476408332586 0.499266684055 0.314399272203 -0.17744917 -0.52422565 0.246000051498
1634220265.17 -0.400252223015 0.531416416168 0.303123801947 -0.17744917 -0.52422565 1.69000005722
1634220286.59 -0.475952416658 0.501420557499 0.316186577082 -0.17744917 -0.52422565 0.27999997139
1634220287.96 -0.504401981831 0.619302093983 0.354497313499 -0.17744917 -0.52422565 1.02900004387
1634220298.59 -0.423667430878 0.580384969711 0.451649427414 -0.17744917 -0.52422565 1.43400001526
1634220307.57 -0.459503859282 0.53319889307 0.445392429829 -0.17744917 -0.52422565 0.0420000553131
1634220314.52 -0.377281606197 0.487747848034 0.322583645582 -0.17744917 -0.52422565 1.69299983978
1634220333.06 -0.51107686758 0.466355919838 0.447115272284 -0.17744917 -0.52422565 0.0629999637604
1634220333.09 -0.501882433891 0.468177884817 0.452523440123 -0.17744917 -0.52422565 0.0160000324249
1634220333.92 -0.441383570433 0.464966803789 0.301163107157 -0.17744917 -0.52422565 0.672000169754
1634220342.56 -0.354685097933 0.680067420006 0.382562369108 -0.17744917 -0.52422565 0.201000213623
1634220343.37 -0.365928292274 0.70775437355 0.415223509073 -0.17744917 -0.52422565 0.316999912262
1634220344.43 -0.50474101305 0.466489225626 0.355902463198 -0.17744917 -0.52422565 0.903000116348
1634220346.24 -0.505387961864 0.695397734642 0.383463293314 -0.17744917 -0.52422565 0.554000139236
1634220359.04 -0.379951328039 0.643982470036 0.320073068142 -0.17744917 -0.52422565 0.960000038147
1634220415.94 -0.485706061125 0.677462816238 0.42698147893 -0.17744917 -0.52422565 1.05999994278
1634220429.38 -0.482132464647 0.655052542686 0.321007549763 -0.17744917 -0.52422565 0.184000015259
1634220432.15 -0.375085622072 0.683894276619 0.324014097452 -0.17744917 -0.52422565 0.119000196457
1634220433.67 -0.423867255449 0.696325063705 0.301068365574 -0.17744917 -0.52422565 0.0339999198914
1634220435.74 -0.439483046532 0.464062303305 0.452162146568 -0.17744917 -0.52422565 1.13899993896
1634220454.38 -0.376413226128 0.643830955029 0.429023325443 -0.17744917 -0.52422565 0.512000083923
1634220455.77 -0.358431279659 0.547741472721 0.401860237122 -0.17744917 -0.52422565 0.108999967575
1634220456.19 -0.405037373304 0.463011324406 0.30556666851 -0.17744917 -0.52422565 0.0930001735687
1634220466.13 -0.504581570625 0.48336648941 0.361868113279 -0.17744917 -0.52422565 0.44000005722
1634220524.89 -0.428841024637 0.661605834961 0.451433598995 -0.17744917 -0.52422565 0.480000019073
1634220532.44 -0.498917132616 0.633865714073 0.345087260008 -0.17744917 -0.52422565 1.02900004387
1634220552.46 -0.331591874361 0.461963117123 0.325557142496 -0.17744917 -0.52422565 0.28400015831
1634220556.88 -0.387058824301 0.569410264492 0.438549906015 -0.17744917 -0.52422565 2.11699986458
1634220568.65 -0.485259503126 0.486007124186 0.323702037334 -0.17744917 -0.52422565 0.1890001297
1634220570.18 -0.381440907717 0.462881594896 0.433606743813 -0.17744917 -0.52422565 1.04799985886
1634220572.56 -0.505799055099 0.5363047719 0.376493871212 -0.17744917 -0.52422565 1.62299990654
1634220572.85 -0.48211055994 0.463620454073 0.313971847296 -0.17744917 -0.52422565 0.192000150681
1634220572.92 -0.484566599131 0.465693503618 0.319687664509 -0.17744917 -0.52422565 0.0090000629425
1634220573.04 -0.498130440712 0.466231286526 0.342998057604 -0.17744917 -0.52422565 0.00799989700317
1634220573.05 -0.499886780977 0.46472170949 0.345672100782 -0.17744917 -0.52422565 0.00899982452393
1634220573.08 -0.501876652241 0.468294203281 0.353590756655 -0.17744917 -0.52422565 0.0169999599457
1634220576.94 -0.405735343695 0.685488402843 0.447100788355 -0.17744917 -0.52422565 0.0090000629425
1634220577.24 -0.428670436144 0.722020328045 0.451597690582 -0.17744917 -0.52422565 0.292000055313
1634220577.39 -0.398971140385 0.677787125111 0.444788187742 -0.17744917 -0.52422565 0.0749998092651
1634220577.85 -0.373335331678 0.531518638134 0.421066820621 -0.17744917 -0.52422565 0.010999917984
1634220578.0 -0.350191563368 0.482754975557 0.383281260729 -0.17744917 -0.52422565 0.142000198364
1634220579.61 -0.506474196911 0.536848604679 0.385424286127 -0.17744917 -0.52422565 0.611999988556
1634220580.86 -0.504602313042 0.671782076359 0.39256221056 -0.17744917 -0.52422565 0.0999999046326
1634220613.54 -0.366870731115 0.650954127312 0.416678458452 -0.17744917 -0.52422565 1.21099996567
1634220614.98 -0.408161997795 0.681770086288 0.448210716248 -0.17744917 -0.52422565 0.565999984741
1634220615.87 -0.366643130779 0.663311421871 0.416412174702 -0.17744917 -0.52422565 0.825000047684
1634220619.9 -0.440902113914 0.490593731403 0.296870440245 -0.17744917 -0.52422565 0.478999853134
1634220645.54 -0.46466165781 0.494291216135 0.307321429253 -0.17744917 -0.52422565 0.138999938965
1634220689.57 -0.488100230694 0.693618774414 0.424892246723 -0.17744917 -0.52422565 0.416999816895
1634220693.78 -0.355948925018 0.500345468521 0.392422944307 -0.17744917 -0.52422565 0.128999948502
1634220694.71 -0.397848308086 0.670493245125 0.443805217743 -0.17744917 -0.52422565 0.244999885559
1634220697.02 -0.364124506712 0.60811316967 0.338203579187 -0.17744917 -0.52422565 2.29200005531
1634220698.12 -0.356557577848 0.560315668583 0.362100630999 -0.17744917 -0.52422565 0.621999979019
1634220725.31 -0.46487018466 0.478998124599 0.309077829123 -0.17744917 -0.52422565 0.620000123978
1634220726.8 -0.488294869661 0.582471609116 0.32768240571 -0.17744917 -0.52422565 1.13700008392
1634220758.64 -0.452059805393 0.547098398209 0.448748737574 -0.17744917 -0.52422565 0.085000038147
1634220763.45 -0.432021409273 0.46755027771 0.299486160278 -0.17744917 -0.52422565 0.463999986649
1634220810.94 -0.506634831429 0.50318813324 0.376464605331 -0.17744917 -0.52422565 0.204999923706
1634220812.39 -0.503061771393 0.702160000801 0.357673615217 -0.17744917 -0.52422565 0.317000150681
1634220813.83 -0.452369570732 0.493769824505 0.448480129242 -0.17744917 -0.52422565 0.853999853134
1634220842.22 -0.405304580927 0.651742398739 0.447744995356 -0.17744917 -0.52422565 1.23399996758
1634220856.35 -0.397511303425 0.52504247427 0.308550804853 -0.17744917 -0.52422565 0.0090000629425
1634220856.39 -0.386534571648 0.526291310787 0.314857393503 -0.17744917 -0.52422565 0.0339999198914
1634220919.73 -0.435464709997 0.463659733534 0.451624840498 -0.17744917 -0.52422565 0.679000139236
1634220936.86 -0.36902102828 0.470592975616 0.424786239862 -0.17744917 -0.52422565 1.7990000248
1634220937.21 -0.358618021011 0.457465976477 0.347771495581 -0.17744917 -0.52422565 0.134000062943
1634220957.77 -0.362019211054 0.558214604855 0.412018239498 -0.17744917 -0.52422565 0.276000022888
1634220961.66 -0.452387571335 0.466359317303 0.27999484539 -0.17744917 -0.52422565 1.1779999733
1634220969.22 -0.418869286776 0.574572861195 0.450505316257 -0.17744917 -0.52422565 0.212999820709
1634221008.62 -0.451189786196 0.466071426868 0.450849443674 -0.17744917 -0.52422565 2.06500005722
1634221054.12 -0.407692402601 0.461964070797 0.301737874746 -0.17744917 -0.52422565 1.86699986458
1634221096.98 -0.408207595348 0.657958745956 0.304256260395 -0.17744917 -0.52422565 0.0579998493195
1634221098.0 -0.481453448534 0.467041164637 0.318978101015 -0.17744917 -0.52422565 0.501000165939
1634221099.75 -0.506578743458 0.683012068272 0.365653157234 -0.17744917 -0.52422565 0.500999927521
1634221100.69 -0.508761763573 0.682628929615 0.365646243095 -0.17744917 -0.52422565 0.420000076294
1634221101.68 -0.488481640816 0.708718538284 0.328711986542 -0.17744917 -0.52422565 0.65299987793
1634221113.9 -0.388100922108 0.638364315033 0.439598739147 -0.17744917 -0.52422565 0.554000139236
1634221116.41 -0.50277119875 0.509991049767 0.355945914984 -0.17744917 -0.52422565 0.527000188828
1634221117.87 -0.496393203735 0.535027146339 0.34022668004 -0.17744917 -0.52422565 1.12000012398
1634221117.94 -0.504347324371 0.491869091988 0.326057642698 -0.17744917 -0.52422565 0.00899982452393
1634221244.68 -0.361420601606 0.461035013199 0.410417079926 -0.17744917 -0.52422565 2.12400007248
1634221254.81 -0.507620751858 0.58470594883 0.382862836123 -0.17744917 -0.52422565 0.542999982834
1634221255.56 -0.496318101883 0.678545415401 0.412608474493 -0.17744917 -0.52422565 0.109000205994
1634221256.71 -0.478194713593 0.698648273945 0.434035778046 -0.17744917 -0.52422565 0.762000083923
1634221256.73 -0.478408843279 0.699997186661 0.436287552118 -0.17744917 -0.52422565 0.00899982452393
1634221259.94 -0.505393981934 0.587640285492 0.372794806957 -0.17744917 -0.52422565 0.233999967575
1634221261.46 -0.491931825876 0.683509230614 0.419339329004 -0.17744917 -0.52422565 1.30799984932
1634221263.7 -0.486162722111 0.667779266834 0.428582072258 -0.17744917 -0.52422565 0.805000066757
1634221285.03 -0.490464895964 0.516329646111 0.33293685317 -0.17744917 -0.52422565 0.0179998874664
1634221296.6 -0.4395622015 0.462766110897 0.300964057446 -0.17744917 -0.52422565 0.994999885559
1634221297.44 -0.491051435471 0.464532375336 0.421522051096 -0.17744917 -0.52422565 0.217000007629
1634221310.99 -0.355042815208 0.610233843327 0.368393778801 -0.17744917 -0.52422565 1.34500002861
1634221311.89 -0.359641730785 0.672249913216 0.401687532663 -0.17744917 -0.52422565 0.233999967575
1634221312.4 -0.357538998127 0.658150553703 0.395800173283 -0.17744917 -0.52422565 0.467000007629
1634221312.73 -0.359422117472 0.659769117832 0.400975763798 -0.17744917 -0.52422565 0.0090000629425
1634221313.36 -0.505654990673 0.465626358986 0.39603087306 -0.17744917 -0.52422565 0.620000123978
1634221344.75 -0.420441240072 0.466733813286 0.299924045801 -0.17744917 -0.52422565 0.664000034332
1634221359.2 -0.354097962379 0.51739692688 0.384145766497 -0.17744917 -0.52422565 0.171000003815
1634221380.13 -0.497104257345 0.639357626438 0.415306031704 -0.17744917 -0.52422565 1.40899991989
1634221411.51 -0.451374590397 0.550141990185 0.303841352463 -0.17744917 -0.52422565 0.296000003815
1634221413.42 -0.409036159515 0.46493050456 0.451052516699 -0.17744917 -0.52422565 0.679000139236
1634221480.3 -0.371553003788 0.656344950199 0.425182193518 -0.17744917 -0.52422565 0.578999996185
1634221482.87 -0.506214737892 0.465637773275 0.377187848091 -0.17744917 -0.52422565 0.546999931335
1634221482.89 -0.507147967815 0.463667064905 0.371448993683 -0.17744917 -0.52422565 0.0090000629425
1634221483.02 -0.496496230364 0.468646198511 0.336240708828 -0.17744917 -0.52422565 0.117000102997
1634221754.13 -0.396510690451 0.694737672806 0.307581335306 -0.17744917 -0.52422565 3.04299998283
1634221755.13 -0.385799586773 0.464185923338 0.437865376472 -0.17744917 -0.52422565 0.753000020981
1634221770.11 -0.413978129625 0.667632102966 0.302168309689 -0.17744917 -0.52422565 0.592000007629
1634221770.24 -0.416369199753 0.665347516537 0.302266061306 -0.17744917 -0.52422565 0.0169999599457
1634221770.28 -0.4152341187 0.665269374847 0.302558779716 -0.17744917 -0.52422565 0.0260000228882
1634221770.33 -0.413684606552 0.665293633938 0.303054392338 -0.17744917 -0.52422565 0.0339999198914
1634221770.36 -0.413248598576 0.665561318398 0.302961736917 -0.17744917 -0.52422565 0.0090000629425
1634221771.56 -0.46616345644 0.467969447374 0.446980774403 -0.17744917 -0.52422565 0.667999982834
1634221818.3 -0.4506906569 0.510122954845 0.449893027544 -0.17744917 -0.52422565 0.191999912262
1634221819.98 -0.461182385683 0.697983562946 0.444959908724 -0.17744917 -0.52422565 0.324999809265
1634221821.13 -0.427471488714 0.574835836887 0.451718121767 -0.17744917 -0.52422565 0.392000198364
1634221862.17 -0.360877156258 0.598102033138 0.40601503849 -0.17744917 -0.52422565 0.384999990463
1634221891.13 -0.354653894901 0.486531764269 0.365437150002 -0.17744917 -0.52422565 0.513000011444
1634221949.28 -0.454156070948 0.516188204288 0.449421346188 -0.17744917 -0.52422565 1.94099998474
1634221972.16 -0.435807973146 0.633867025375 0.452566057444 -0.17744917 -0.52422565 1.34999990463
