1634307054.96 -0.388901472092 0.460992276669 0.313975453377 -0.17744917 -0.52422565 0.480000019073
1634307068.74 -0.353786736727 0.54482114315 0.371591359377 -0.17744917 -0.52422565 0.203000068665
1634307070.97 -0.481500715017 0.471625864506 0.434493303299 -0.17744917 -0.52422565 0.296000003815
1634307102.58 -0.410483628511 0.460602104664 0.449376702309 -0.17744917 -0.52422565 2.24399995804
1634307128.65 -0.429420202971 0.497228294611 0.299709916115 -0.17744917 -0.52422565 0.171999931335
1634307131.32 -0.453825175762 0.489868700504 0.449791610241 -0.17744917 -0.52422565 0.147000074387
1634307132.97 -0.357362926006 0.5227175951 0.396917372942 -0.17744917 -0.52422565 0.108999967575
1634307146.43 -0.440739631653 0.469874113798 0.452067047358 -0.17744917 -0.52422565 1.85699987411
1634307155.51 -0.414923816919 0.541478514671 0.268297374249 -0.17744917 -0.52422565 0.756000041962
1634307171.67 -0.418390959501 0.466546297073 0.455518782139 -0.17744917 -0.52422565 0.274000167847
1634307196.4 -0.423018485308 0.497835755348 0.45329323411 -0.17744917 -0.52422565 0.203999996185
1634307238.99 -0.401629328728 0.642653167248 0.447218120098 -0.17744917 -0.52422565 0.519999980927
1634307240.13 -0.413383185863 0.466046214104 0.292464584112 -0.17744917 -0.52422565 0.567999839783
1634307260.48 -0.371249347925 0.53923201561 0.424617111683 -0.17744917 -0.52422565 0.486999988556
1634307263.88 -0.488030046225 0.503071188927 0.328004062176 -0.17744917 -0.52422565 1.52300000191
1634307264.57 -0.327278971672 0.458659917116 0.335439920425 -0.17744917 -0.52422565 0.334000110626
1634307274.26 -0.521158158779 0.46720919013 0.352982878685 -0.17744917 -0.52422565 1.79999995232
1634307280.17 -0.408676296473 0.659956276417 0.4491122365 -0.17744917 -0.52422565 0.533999919891
1634307280.99 -0.494464486837 0.465626835823 0.334787100554 -0.17744917 -0.52422565 0.378000020981
1634307357.1 -0.360437214375 0.53033465147 0.347801685333 -0.17744917 -0.52422565 0.236999988556
1634307358.48 -0.358434438705 0.639676511288 0.354127913713 -0.17744917 -0.52422565 0.211999893188
1634307358.64 -0.358279496431 0.638540923595 0.355193138123 -0.17744917 -0.52422565 0.066999912262
1634307360.33 -0.415963470936 0.463815271854 0.302451789379 -0.17744917 -0.52422565 0.795000076294
1634307381.33 -0.396852910519 0.637801885605 0.444297522306 -0.17744917 -0.52422565 1.12800002098
1634307384.54 -0.429039657116 0.64956343174 0.452630698681 -0.17744917 -0.52422565 1.24699997902
1634307386.11 -0.379275232553 0.468955516815 0.318252235651 -0.17744917 -0.52422565 0.345999956131
1634307461.2 -0.39786952734 0.636578738689 0.444411545992 -0.17744917 -0.52422565 0.998999834061
1634307471.1 -0.395656138659 0.575471639633 0.444318532944 -0.17744917 -0.52422565 0.253999948502
1634307471.9 -0.384671986103 0.672266185284 0.436171740294 -0.17744917 -0.52422565 0.100000143051
1634307473.68 -0.430967450142 0.570441961288 0.452350080013 -0.17744917 -0.52422565 0.159999847412
1634307496.98 -0.461335748434 0.515554487705 0.308130413294 -0.17744917 -0.52422565 0.411000013351
1634307501.08 -0.484994143248 0.516644239426 0.429356426001 -0.17744917 -0.52422565 0.238000154495
1634307504.46 -0.483272254467 0.62726354599 0.431351959705 -0.17744917 -0.52422565 3.08700013161
1634307516.07 -0.354640424252 0.481977105141 0.356294810772 -0.17744917 -0.52422565 0.644999980927
1634307518.27 -0.4119823277 0.477571099997 0.290689885616 -0.17744917 -0.52422565 1.25600004196
1634307525.57 -0.495602816343 0.470540374517 0.324946403503 -0.17744917 -0.52422565 0.00699996948242
1634307525.78 -0.504548430443 0.497088253498 0.388449311256 -0.17744917 -0.52422565 0.15900015831
1634307526.87 -0.4630895257 0.667151808739 0.373340547085 0.04743383 0.32152322 0.724999904633
1634307532.02 -0.155996367335 0.452147066593 1.32283639908 0.04743383 0.32152322 0.804999828339
1634307561.32 -0.145563721657 0.63439899683 1.27061200142 0.04743383 0.32152322 0.927000045776
1634307562.3 -0.256352603436 0.454259395599 1.16528367996 0.04743383 0.32152322 0.848999977112
1634307574.95 -0.127361297607 0.697087824345 1.21349072456 0.04743383 0.32152322 0.157999992371
1634307576.01 -0.230349466205 0.478202074766 1.29103529453 0.04743383 0.32152322 0.614000082016
1634307610.37 -0.263543754816 0.50046646595 1.26534450054 0.04743383 0.32152322 0.0339999198914
1634307611.47 -0.207446694374 0.452537596226 1.14208114147 0.04743383 0.32152322 0.0920000076294
1634307612.23 -0.270779848099 0.645033478737 1.18965625763 0.04743383 0.32152322 0.150000095367
1634307612.89 -0.272834986448 0.688315749168 1.19446241856 0.04743383 0.32152322 0.367000102997
1634307614.12 -0.190839514136 0.61302626133 1.14697551727 0.04743383 0.32152322 0.929999828339
1634307629.31 -0.278854131699 0.458739101887 1.22580325603 0.04743383 0.32152322 0.108999967575
1634307630.41 -0.257694870234 0.631525754929 1.16962981224 0.04743383 0.32152322 1.09200000763
1634307636.81 -0.139157056808 0.486196815968 1.26230359077 0.04743383 0.32152322 0.593999862671
1634307638.48 -0.133283704519 0.468346357346 1.17919039726 0.04743383 0.32152322 1.49099993706
1634307651.6 -0.136502787471 0.505787193775 1.28817915916 0.04743383 0.32152322 1.12199997902
1634307658.98 -0.278576225042 0.50775885582 1.21274471283 0.04743383 0.32152322 0.239000082016
1634307660.06 -0.272735387087 0.707019686699 1.19159030914 0.04743383 0.32152322 0.492000102997
1634307660.78 -0.20803424716 0.696827113628 1.14555704594 0.04743383 0.32152322 0.283999919891
1634307661.79 -0.171768441796 0.456708312035 1.29122018814 0.04743383 0.32152322 0.613000154495
1634307671.02 -0.188784688711 0.705404758453 1.29541110992 0.04743383 0.32152322 0.888999938965
1634307671.66 -0.257246822119 0.569141805172 1.27398014069 0.04743383 0.32152322 0.0680000782013
1634307672.53 -0.271618068218 0.665672838688 1.19101321697 0.04743383 0.32152322 0.0829999446869
1634307685.92 -0.255123823881 0.549843728542 1.16780090332 0.04743383 0.32152322 0.100000143051
1634307686.4 -0.230574533343 0.685936808586 1.15191555023 0.04743383 0.32152322 0.351000070572
1634307686.42 -0.228231728077 0.689470410347 1.15054249763 0.04743383 0.32152322 0.0090000629425
1634307687.15 -0.25113761425 0.48282545805 1.28306758404 0.04743383 0.32152322 0.409999847412
1634307688.88 -0.214318960905 0.630943655968 1.29650175571 0.04743383 0.32152322 0.555000066757
1634307693.4 -0.135874554515 0.511605501175 1.18631863594 0.04743383 0.32152322 0.142000198364
1634307821.54 -0.250125110149 0.45495569706 1.28023397923 0.04743383 0.32152322 0.638000011444
1634307829.08 -0.267922520638 0.454397886992 1.18042433262 0.04743383 0.32152322 0.421999931335
1634307854.89 -0.277233809233 0.625996112823 1.21541571617 0.04743383 0.32152322 0.550999879837
1634307854.91 -0.277246415615 0.627161502838 1.21483099461 0.04743383 0.32152322 0.00899982452393
1634307854.99 -0.277401030064 0.623896121979 1.21531629562 0.04743383 0.32152322 0.050999879837
1634307855.04 -0.277143537998 0.625583171844 1.21311497688 0.04743383 0.32152322 0.00799989700317
1634307855.06 -0.276852220297 0.626619517803 1.21159052849 0.04743383 0.32152322 0.0169999599457
1634307856.5 -0.248698353767 0.673070073128 1.16103100777 0.04743383 0.32152322 0.184000015259
1634307857.52 -0.265122562647 0.663803756237 1.17887306213 0.04743383 0.32152322 0.292000055313
1634307858.64 -0.188725292683 0.456653386354 1.29620790482 0.04743383 0.32152322 0.474999904633
1634308081.25 -0.259495377541 0.45557102561 1.27025938034 0.04743383 0.32152322 1.35300016403
1634308121.51 -0.151559919119 0.543651163578 1.27778840065 0.04743383 0.32152322 0.667999982834
1634308122.68 -0.127202153206 0.636171877384 1.22360312939 0.04743383 0.32152322 1.05500006676
1634308158.31 -0.131719633937 0.623695075512 1.19070708752 0.04743383 0.32152322 0.194000005722
1634308159.45 -0.224318504333 0.456441193819 1.29361832142 0.04743383 0.32152322 0.602999925613
1634308243.58 -0.275042325258 0.539374828339 1.25202703476 0.04743383 0.32152322 1.68400001526
1634308267.28 -0.163279384375 0.499678343534 1.28704464436 0.04743383 0.32152322 0.00999999046326
1634308267.33 -0.177622899413 0.49279025197 1.29238259792 0.04743383 0.32152322 0.0259997844696
1634308279.57 -0.271120280027 0.45938500762 1.18706953526 0.04743383 0.32152322 0.529000043869
1634308304.97 -0.126803904772 0.50310587883 1.21257972717 0.04743383 0.32152322 0.28400015831
1634308365.77 -0.258459836245 0.657672047615 1.17096734047 0.04743383 0.32152322 0.724999904633
1634308373.0 -0.167889326811 0.508919000626 1.2896655798 0.04743383 0.32152322 0.286000013351
1634308403.93 -0.207126706839 0.565372824669 1.14580905437 0.04743383 0.32152322 0.412999868393
1634308405.68 -0.244534596801 0.579782068729 1.15901017189 0.04743383 0.32152322 0.801000118256
1634308459.48 -0.192887678742 0.519225001335 1.29676258564 0.04743383 0.32152322 0.488000154495
1634308461.06 -0.243276253343 0.649621069431 1.28530907631 0.04743383 0.32152322 0.888000011444
1634308488.88 -0.185659006238 0.455913573503 1.32034826279 0.04743383 0.32152322 1.12199997902
1634308531.12 -0.185291096568 0.515998899937 1.14823389053 0.04743383 0.32152322 1.80500006676
1634308531.17 -0.177906349301 0.489074617624 1.13971602917 0.04743383 0.32152322 0.0090000629425
1634308536.9 -0.221425265074 0.455015301704 1.29423201084 0.04743383 0.32152322 1.07100009918
1634308540.84 -0.126996546984 0.54451072216 1.22916805744 0.04743383 0.32152322 1.36599993706
1634308540.89 -0.124202087522 0.516352534294 1.23654329777 0.04743383 0.32152322 0.00999999046326
1634308540.94 -0.117169976234 0.494641035795 1.23263835907 0.04743383 0.32152322 0.0409998893738
1634308543.33 -0.267856955528 0.455342411995 1.2589097023 0.04743383 0.32152322 0.0090000629425
1634308543.38 -0.273342907429 0.454869747162 1.24759721756 0.04743383 0.32152322 0.0419998168945
1634308562.27 -0.235457792878 0.577520430088 1.28899598122 0.04743383 0.32152322 1.53400015831
1634308563.68 -0.229756891727 0.494903624058 1.15025901794 0.04743383 0.32152322 0.371000051498
1634308574.21 -0.233577847481 0.451534628868 1.14981603622 0.04743383 0.32152322 0.357999801636
1634308590.96 -0.246817097068 0.495647996664 1.28198337555 0.04743383 0.32152322 0.202000141144
1634308591.79 -0.211309626698 0.698516905308 1.2839846611 -0.118528046 -0.79340816 0.766999959946
1634308614.99 -0.442789316177 0.481007725 0.136600717902 -0.118528046 -0.79340816 0.762000083923
1634308616.53 -0.35962074995 0.592628836632 0.0329414233565 -0.118528046 -0.79340816 0.315999984741
1634308617.53 -0.391534894705 0.704692780972 0.0343417041004 -0.118528046 -0.79340816 0.31500005722
1634308618.86 -0.447584688663 0.63317990303 0.110483661294 -0.118528046 -0.79340816 0.649999856949
1634308635.68 -0.296394318342 0.696175575256 0.101841002703 -0.118528046 -0.79340816 0.910000085831
1634308638.88 -0.448785185814 0.467172086239 0.104627475142 -0.118528046 -0.79340816 0.21799993515
1634308659.08 -0.302335351706 0.464490354061 0.0764684826136 -0.118528046 -0.79340816 0.433000087738
1634308679.26 -0.399689137936 0.633206665516 0.0367035716772 -0.118528046 -0.79340816 1.25900006294
1634308680.83 -0.295886904001 0.47924014926 0.0934764370322 -0.118528046 -0.79340816 0.486999988556
1634308699.44 -0.290350615978 0.509360253811 0.0969324856997 -0.118528046 -0.79340816 0.969000101089
1634308703.38 -0.310665071011 0.5446626544 0.151662111282 -0.118528046 -0.79340816 0.959000110626
1634308722.31 -0.333325266838 0.693847119808 0.171695679426 -0.118528046 -0.79340816 0.944999933243
1634308723.8 -0.303564578295 0.669314086437 0.140811875463 -0.118528046 -0.79340816 1.4319999218
1634308724.82 -0.42339065671 0.515090823174 0.165075585246 -0.118528046 -0.79340816 0.438999891281
1634308739.31 -0.33977997303 0.526523828506 0.174944594502 -0.118528046 -0.79340816 1.625
1634308757.19 -0.302747905254 0.623719215393 0.136932775378 -0.118528046 -0.79340816 0.493999958038
1634308759.41 -0.445753216743 0.469364523888 0.129505887628 -0.118528046 -0.79340816 0.762000083923
1634308776.27 -0.316121190786 0.641301453114 0.15687020123 -0.118528046 -0.79340816 0.492000102997
1634308793.82 -0.296638578176 0.487854033709 0.107626721263 -0.118528046 -0.79340816 0.295000076294
1634308794.84 -0.351759821177 0.64047563076 0.0349944382906 -0.118528046 -0.79340816 0.768000125885
1634308802.34 -0.306102603674 0.55230730772 0.0699625387788 -0.118528046 -0.79340816 0.267999887466
1634308802.81 -0.299138993025 0.679312348366 0.125285327435 -0.118528046 -0.79340816 0.25
1634308803.46 -0.318267017603 0.618036329746 0.0550909042358 -0.118528046 -0.79340816 0.463999986649
1634308804.06 -0.301999032497 0.70117276907 0.133739292622 -0.118528046 -0.79340816 0.242000102997
1634308804.92 -0.307636201382 0.6969653368 0.146451771259 -0.118528046 -0.79340816 0.540000200272
1634308805.48 -0.386481165886 0.501064419746 0.184375822544 -0.118528046 -0.79340816 0.282999992371
1634308841.43 -0.307541280985 0.568793416023 0.145301118493 -0.118528046 -0.79340816 0.210000038147
