1634307101.47 -0.406259298325 0.686064302921 0.356233775616 -0.17744917 -0.52422565
1634307145.74 -0.397773593664 0.70488011837 0.359065622091 -0.17744917 -0.52422565
1634307263.86 -0.485618829727 0.500377237797 0.327122211456 -0.17744917 -0.52422565
1634307273.64 -0.427077621222 0.675662994385 0.342633336782 -0.17744917 -0.52422565
1634307384.46 -0.432787656784 0.621924936771 0.436631351709 -0.17744917 -0.52422565
1634307460.95 -0.397994875908 0.639268815517 0.440839648247 -0.17744917 -0.52422565
1634307502.17 -0.457114577293 0.675603330135 0.386856883764 -0.17744917 -0.52422565
1634307504.18 -0.473618686199 0.669970095158 0.397456914186 -0.17744917 -0.52422565
1634307517.51 -0.364896863699 0.684845864773 0.360426872969 -0.17744917 -0.52422565
1634307526.86 -0.463281482458 0.667174994946 0.373225331306 -0.17744917 -0.52422565
1634307613.69 -0.197329282761 0.70003503561 1.17350721359 0.04743383 0.32152322
1634307637.67 -0.206674471498 0.70353525877 1.19866454601 0.04743383 0.32152322
1634307688.83 -0.220448479056 0.652425289154 1.28425359726 0.04743383 0.32152322
1634308122.31 -0.151195034385 0.642488002777 1.24612343311 0.04743383 0.32152322
1634308243.16 -0.22103074193 0.643979430199 1.22158706188 0.04743383 0.32152322
1634308460.67 -0.221199020743 0.677560567856 1.26635026932 0.04743383 0.32152322
1634308530.55 -0.249017700553 0.693193614483 1.19155621529 0.04743383 0.32152322
1634308540.22 -0.181152954698 0.673857212067 1.21313130856 0.04743383 0.32152322
1634308561.92 -0.200130671263 0.638955831528 1.24563872814 0.04743383 0.32152322
1634308591.78 -0.212232083082 0.698342144489 1.2847430706 0.04743383 0.32152322
1634308618.72 -0.413694679737 0.684746980667 0.0929551720619 -0.118528046 -0.79340816
1634308679.12 -0.392569422722 0.652052879333 0.0827828869224 -0.118528046 -0.79340816
1634308702.93 -0.324030041695 0.676304399967 0.0873017460108 -0.118528046 -0.79340816
1634308722.87 -0.332499682903 0.683943808079 0.157276049256 -0.118528046 -0.79340816
1634308738.71 -0.318812400103 0.664666473866 0.125449061394 -0.118528046 -0.79340816
1634308794.69 -0.351921617985 0.633888602257 0.0629041790962 -0.118528046 -0.79340816
1634308804.89 -0.311420947313 0.692493259907 0.144018888474 -0.118528046 -0.79340816
