1635883814.3 -0.469618201256 0.485827296972 0.310499429703 -0.17744917 -0.52422565 0.242000102997
1635883837.86 -0.370886564255 0.662360966206 0.329279184341 -0.17744917 -0.52422565 0.792999982834
1635883855.39 -0.359219521284 0.529506146908 0.401645839214 -0.17744917 -0.52422565 0.144999980927
1635883863.74 -0.361449420452 0.585695922375 0.415749251842 -0.17744917 -0.52422565 0.544999837875
1635883879.4 -0.450159132481 0.496306419373 0.29487401247 -0.17744917 -0.52422565 2.05000019073
1635883881.89 -0.418302357197 0.460943102837 0.274211764336 -0.17744917 -0.52422565 2.00899982452
1635883889.93 -0.475032269955 0.466022580862 0.313123822212 -0.17744917 -0.52422565 0.107999801636
1635883890.92 -0.482517808676 0.465236186981 0.431440591812 -0.17744917 -0.52422565 0.108000040054
1635883891.79 -0.333909988403 0.470974713564 0.404215395451 -0.17744917 -0.52422565 0.143000125885
1635883895.87 -0.371781796217 0.519802510738 0.430531829596 -0.17744917 -0.52422565 0.358000040054
1635883897.36 -0.395436942577 0.498650282621 0.300137221813 -0.17744917 -0.52422565 0.25
1635883926.6 -0.502455234528 0.521206736565 0.356721431017 -0.17744917 -0.52422565 0.204999923706
1635883927.35 -0.484713554382 0.683692991734 0.323571830988 -0.17744917 -0.52422565 0.0670001506805
1635883928.55 -0.452526837587 0.688579320908 0.304489791393 -0.17744917 -0.52422565 0.101000070572
1635883946.91 -0.355223476887 0.532091677189 0.364953160286 -0.17744917 -0.52422565 0.43700003624
1635883948.03 -0.355866789818 0.689079463482 0.395942360163 -0.17744917 -0.52422565 0.268999814987
1635883950.7 -0.407914191484 0.609689831734 0.450605243444 -0.17744917 -0.52422565 0.418999910355
1635883990.13 -0.499163866043 0.685124516487 0.347055137157 -0.17744917 -0.52422565 0.949999809265
1635883991.91 -0.340990871191 0.462788581848 0.3685516119 -0.17744917 -0.52422565 0.796000003815
1635884003.18 -0.426654577255 0.49799990654 0.452958524227 -0.17744917 -0.52422565 1.47600007057
1635884013.25 -0.467435747385 0.46493974328 0.306284725666 -0.17744917 -0.52422565 0.5
1635884027.98 -0.507016897202 0.530749440193 0.390356987715 -0.17744917 -0.52422565 1.49300003052
1635884031.46 -0.37748631835 0.46126934886 0.319012761116 -0.17744917 -0.52422565 0.477999925613
1635884033.3 -0.502007901669 0.480198085308 0.409295558929 -0.17744917 -0.52422565 0.238999843597
1635884042.7 -0.370471298695 0.484029829502 0.324801087379 -0.17744917 -0.52422565 0.130000114441
1635884043.93 -0.361166417599 0.529771029949 0.407212138176 -0.17744917 -0.52422565 0.824000120163
1635884065.04 -0.414814472198 0.518003344536 0.30156904459 -0.17744917 -0.52422565 0.379999876022
1635884066.12 -0.447259306908 0.551588356495 0.298634260893 -0.17744917 -0.52422565 0.914000034332
1635884068.84 -0.451543480158 0.463092088699 0.300365865231 -0.17744917 -0.52422565 0.536999940872
1635884074.32 -0.404130429029 0.475525259972 0.446906417608 -0.17744917 -0.52422565 1.20300006866
1635884095.65 -0.489053815603 0.52776825428 0.329530119896 -0.17744917 -0.52422565 0.253999948502
1635884098.03 -0.473828136921 0.468353867531 0.439461529255 -0.17744917 -0.52422565 1.54500007629
1635884118.46 -0.509582340717 0.53177177906 0.375811517239 -0.17744917 -0.52422565 1.11899995804
1635884141.9 -0.46553170681 0.638589441776 0.30997851491 -0.17744917 -0.52422565 1.02600002289
1635884141.92 -0.465578377247 0.638157963753 0.309985399246 -0.17744917 -0.52422565 0.0090000629425
1635884142.73 -0.435497581959 0.464031934738 0.454814434052 -0.17744917 -0.52422565 0.583999872208
1635884147.25 -0.363948613405 0.460819959641 0.299876868725 -0.17744917 -0.52422565 0.638000011444
1635884148.53 -0.495492339134 0.524809479713 0.339216738939 -0.17744917 -0.52422565 1.13599991798
1635884169.06 -0.501185834408 0.542730331421 0.401253283024 -0.17744917 -0.52422565 0.0329999923706
1635884186.68 -0.393584340811 0.554065048695 0.308672368526 -0.17744917 -0.52422565 0.746000051498
1635884187.8 -0.484498918056 0.558718144894 0.427997976542 -0.17744917 -0.52422565 0.967000007629
1635884197.33 -0.495532333851 0.61941075325 0.338889062405 -0.17744917 -0.52422565 1.04699993134
1635884199.83 -0.416137814522 0.563471019268 0.449784815311 -0.17744917 -0.52422565 0.440999984741
1635884201.15 -0.384175181389 0.564941585064 0.438501954079 -0.17744917 -0.52422565 1.16400003433
1635884227.84 -0.43814688921 0.512969851494 0.45172315836 -0.17744917 -0.52422565 0.421000003815
1635884230.51 -0.50015938282 0.663656592369 0.345869153738 -0.17744917 -0.52422565 0.233999967575
1635884244.4 -0.501180946827 0.478119134903 0.327206641436 -0.17744917 -0.52422565 1.54299998283
1635884257.13 -0.423400133848 0.694289565086 0.334748506546 -0.1358666 0.42596903 3.3259999752
1635884272.65 -0.421906083822 0.464533150196 1.39602053165 -0.1358666 0.42596903 0.114000082016
1635884272.69 -0.425651520491 0.464608669281 1.39379251003 -0.1358666 0.42596903 0.0169999599457
1635884276.72 -0.455753654242 0.663362085819 1.29750919342 -0.1358666 0.42596903 0.59500002861
1635884294.56 -0.413406848907 0.456762075424 1.25519299507 -0.1358666 0.42596903 0.0170001983643
1635884294.6 -0.406424671412 0.455778419971 1.25015056133 -0.1358666 0.42596903 0.0169999599457
1635884294.63 -0.399057388306 0.457915514708 1.25188362598 -0.1358666 0.42596903 0.0170001983643
1635884294.66 -0.390592515469 0.460419654846 1.24770379066 -0.1358666 0.42596903 0.0090000629425
1635884294.89 -0.352205842733 0.456751078367 1.25862455368 -0.1358666 0.42596903 0.0840001106262
1635884301.34 -0.368735074997 0.456183195114 1.25131559372 -0.1358666 0.42596903 1.56299996376
1635884316.44 -0.31802007556 0.642309248447 1.35917520523 -0.1358666 0.42596903 2.77599978447
1635884318.01 -0.368850708008 0.457348406315 1.40210354328 -0.1358666 0.42596903 0.433000087738
1635884342.54 -0.459496706724 0.457331836224 1.31086850166 -0.1358666 0.42596903 0.0550000667572
1635884345.0 -0.313828259706 0.459405750036 1.3569098711 -0.1358666 0.42596903 1.1289999485
1635884352.26 -0.320928215981 0.581763267517 1.36478638649 -0.1358666 0.42596903 0.243000030518
1635884353.37 -0.43544319272 0.461564600468 1.38626503944 -0.1358666 0.42596903 0.256000041962
1635884368.27 -0.363174170256 0.483083337545 1.25405681133 -0.1358666 0.42596903 0.143000125885
1635884377.86 -0.416827857494 0.603230059147 1.257833004 -0.1358666 0.42596903 1.96599984169
1635884380.84 -0.310791730881 0.456289976835 1.3048709631 -0.1358666 0.42596903 0.492000102997
1635884405.27 -0.436311244965 0.458241462708 1.26802778244 -0.1358666 0.42596903 0.555000066757
1635884406.58 -0.430371463299 0.681971430779 1.26484537125 -0.1358666 0.42596903 0.5
1635884408.3 -0.453062713146 0.66450548172 1.29182803631 -0.1358666 0.42596903 0.318000078201
1635884414.77 -0.400746285915 0.479118615389 1.25252449512 -0.1358666 0.42596903 0.296000003815
1635884430.04 -0.45528998971 0.532536149025 1.29250001907 -0.1358666 0.42596903 1.41400003433
1635884430.83 -0.42226099968 0.664712131023 1.26055574417 -0.1358666 0.42596903 0.350999832153
1635884432.0 -0.458626747131 0.638238310814 1.29967057705 -0.1358666 0.42596903 0.871000051498
1635884447.61 -0.318356126547 0.547612905502 1.2874994278 -0.1358666 0.42596903 2.55500006676
1635884487.53 -0.315747588873 0.5251121521 1.35685765743 -0.1358666 0.42596903 0.31200003624
1635884488.78 -0.305707722902 0.652982354164 1.34064221382 -0.1358666 0.42596903 0.87700009346
1635884498.5 -0.453804969788 0.521592319012 1.28832042217 -0.1358666 0.42596903 0.50200009346
1635884499.44 -0.444009482861 0.633050203323 1.27540051937 -0.1358666 0.42596903 0.578999996185
1635884521.92 -0.433147370815 0.545167386532 1.38601577282 -0.1358666 0.42596903 0.435000181198
1635884523.06 -0.413134783506 0.577219843864 1.39614760876 -0.1358666 0.42596903 0.978999853134
1635884540.81 -0.452394723892 0.544468939304 1.36166679859 -0.1358666 0.42596903 0.730999946594
1635884541.92 -0.460925549269 0.659665226936 1.32057034969 -0.1358666 0.42596903 0.654000043869
1635884563.52 -0.443676561117 0.457385778427 1.37526583672 -0.1358666 0.42596903 0.430000066757
1635884565.15 -0.345281749964 0.509338796139 1.39183294773 -0.1358666 0.42596903 0.993000030518
1635884572.23 -0.300432980061 0.454647243023 1.31683421135 -0.1358666 0.42596903 0.690999984741
1635884573.67 -0.335134476423 0.609018027782 1.26948261261 -0.1358666 0.42596903 0.865999937057
1635884601.53 -0.439795941114 0.49060228467 1.38005030155 -0.1358666 0.42596903 0.338999986649
1635884603.1 -0.432123780251 0.607656955719 1.38548624516 -0.1358666 0.42596903 0.912000179291
1635884609.71 -0.42170637846 0.459759116173 1.25967037678 -0.1358666 0.42596903 0.344000101089
1635884629.4 -0.348184794188 0.500040948391 1.26104140282 -0.1358666 0.42596903 0.274999856949
1635884629.42 -0.350033074617 0.502314627171 1.25951647758 -0.1358666 0.42596903 0.00899982452393
1635884630.79 -0.452368795872 0.4893425107 1.28510200977 -0.1358666 0.42596903 1.3639998436
1635884661.39 -0.401157528162 0.659029483795 1.25668263435 0.00833211 0.020525465 0.888000011444
1635884672.06 -0.260297954082 0.572781562805 0.842478334904 0.00833211 0.020525465 3.60899996758
1635884682.65 -0.170268684626 0.449998438358 0.941051900387 0.00833211 0.020525465 0.284999847412
1635884683.89 -0.170349091291 0.650156974792 0.942411959171 0.00833211 0.020525465 0.517999887466
1635884691.32 -0.28320735693 0.483469814062 0.855225741863 0.00833211 0.020525465 0.664999961853
1635884692.57 -0.275034070015 0.551185488701 0.851602077484 0.00833211 0.020525465 0.77799987793
1635884718.59 -0.16774867475 0.668154716492 0.928009271622 0.00833211 0.020525465 0.125999927521
1635884730.14 -0.217694804072 0.449786424637 0.9913585186 0.00833211 0.020525465 0.422000169754
1635884742.04 -0.187855884433 0.462183713913 0.86764639616 0.00833211 0.020525465 0.0759999752045
1635884749.53 -0.228695750237 0.504252851009 0.845075547695 0.00833211 0.020525465 1.57899999619
1635884752.64 -0.31204983592 0.451652467251 0.952980816364 0.00833211 0.020525465 0.419000148773
1635884770.24 -0.188883557916 0.469894886017 0.85528421402 0.00833211 0.020525465 1.28400015831
1635884794.44 -0.174420446157 0.452866435051 0.955886602402 0.00833211 0.020525465 0.536000013351
1635884795.69 -0.167639002204 0.599661171436 0.926649689674 0.00833211 0.020525465 0.848999977112
1635884802.81 -0.286528021097 0.501880288124 0.984114944935 0.00833211 0.020525465 0.456000089645
1635884812.31 -0.316682428122 0.497182011604 0.889904439449 0.00833211 0.020525465 0.230999946594
1635884817.98 -0.162785604596 0.493979990482 0.905683517456 0.00833211 0.020525465 1.09300017357
1635884837.74 -0.175505012274 0.467101216316 0.879268586636 0.00833211 0.020525465 0.34500002861
1635884844.1 -0.282234340906 0.559699416161 0.853737413883 0.00833211 0.020525465 1.64699983597
1635884854.95 -0.316858112812 0.682075500488 0.908744692802 0.00833211 0.020525465 0.0989999771118
1635884856.39 -0.317554861307 0.694850683212 0.910551667213 0.00833211 0.020525465 0.424999952316
1635884867.26 -0.309662103653 0.493426114321 0.886294186115 0.00833211 0.020525465 0.420000076294
1635884870.91 -0.287149041891 0.621855080128 0.980675339699 0.00833211 0.020525465 0.786000013351
1635884893.62 -0.315509945154 0.474171310663 0.943236589432 0.00833211 0.020525465 0.364000082016
1635884894.8 -0.311203449965 0.63323533535 0.953432023525 0.00833211 0.020525465 0.727999925613
1635884901.99 -0.19110840559 0.582455635071 0.865409314632 0.00833211 0.020525465 1.33200001717
1635884903.12 -0.208542630076 0.602346658707 0.852991878986 0.00833211 0.020525465 0.906000137329
1635884925.55 -0.306101679802 0.622853815556 0.877277433872 0.00833211 0.020525465 1.81599998474
1635884958.32 -0.292677998543 0.512972831726 0.863930284977 0.00833211 0.020525465 0.263000011444
1635884966.29 -0.316714018583 0.68898576498 0.907617866993 0.00833211 0.020525465 0.00800013542175
1635884966.34 -0.31795579195 0.688158869743 0.905611395836 0.00833211 0.020525465 0.0250000953674
1635884967.56 -0.317954480648 0.678793787956 0.917814314365 0.00833211 0.020525465 0.217000007629
1635884968.05 -0.31636044383 0.708103001118 0.906421899796 0.00833211 0.020525465 0.0239999294281
1635884972.13 -0.243608161807 0.508888542652 0.997173428535 0.00833211 0.020525465 0.463000059128
1635884973.86 -0.230822995305 0.613117933273 0.998820126057 0.00833211 0.020525465 1.26600003242
1635884999.75 -0.249588593841 0.487703979015 0.840247452259 0.00833211 0.020525465 0.279000043869
1635885001.39 -0.239475667477 0.687119305134 0.84419709444 0.00833211 0.020525465 0.326000213623
1635885012.78 -0.316182792187 0.461900681257 0.904946029186 0.00833211 0.020525465 0.414000034332
1635885015.14 -0.299063056707 0.686783492565 0.869567394257 0.00833211 0.020525465 0.359999895096
1635885022.28 -0.179091259837 0.508078217506 0.961619496346 0.00833211 0.020525465 0.413000106812
1635885023.94 -0.166950806975 0.635225772858 0.911504685879 0.00833211 0.020525465 0.846999883652
1635885043.81 -0.292626172304 0.682246029377 0.976271510124 0.00833211 0.020525465 0.159999847412
1635885044.44 -0.166797980666 0.496239066124 0.927171468735 0.00833211 0.020525465 0.475000143051
1635885046.7 -0.17093411088 0.673401653767 0.895845592022 0.00833211 0.020525465 0.531000137329
1635885048.65 -0.298681020737 0.456259697676 0.971924901009 0.00833211 0.020525465 0.384000062943
1635885074.03 -0.237092167139 0.701744735241 0.992305278778 0.2921167 -0.47657678 0.509999990463
1635885081.55 0.0810307860374 0.446556180716 0.336863934994 0.2921167 -0.47657678 0.68799996376
1635885082.86 0.0959605723619 0.630261898041 0.371366918087 0.2921167 -0.47657678 0.695999860764
1635885101.03 0.0860380530357 0.450278759003 0.483411937952 0.2921167 -0.47657678 0.266999959946
1635885109.16 -0.031835064292 0.586661577225 0.395478188992 0.2921167 -0.47657678 1.19799995422
1635885110.99 0.10955388844 0.553241848946 0.394136309624 0.2921167 -0.47657678 0.356000185013
1635885111.9 0.115452185273 0.667926907539 0.434804290533 0.2921167 -0.47657678 0.368000030518
1635885119.48 -0.0348861776292 0.60904198885 0.400561034679 0.2921167 -0.47657678 1.35100007057
1635885128.21 -0.017473898828 0.656554043293 0.471088558435 0.2921167 -0.47657678 0.151000022888
1635885129.97 0.00819025561213 0.452080965042 0.341826528311 0.2921167 -0.47657678 0.317000150681
1635885131.0 0.0867825374007 0.465311139822 0.482830524445 0.2921167 -0.47657678 0.253999948502
1635885131.82 0.0633921101689 0.65121203661 0.493882864714 0.2921167 -0.47657678 0.233999967575
1635885141.41 -0.00768544105813 0.465034604073 0.36060526967 0.2921167 -0.47657678 0.389000177383
1635885145.06 -0.00474684406072 0.47662255168 0.487661987543 0.2921167 -0.47657678 0.378000020981
1635885152.88 -0.0114427758381 0.516675412655 0.365758806467 0.2921167 -0.47657678 0.470999956131
1635885173.27 -0.0321847870946 0.582825899124 0.39561265707 0.2921167 -0.47657678 1.20000004768
1635885177.97 0.0723525881767 0.450037777424 0.490466207266 0.2921167 -0.47657678 0.287999868393
1635885198.76 0.0912966579199 0.511012911797 0.477813988924 0.2921167 -0.47657678 0.0909998416901
1635885199.66 0.0982289463282 0.625407457352 0.470849305391 0.2921167 -0.47657678 0.526999950409
1635885200.68 -0.0123791210353 0.537851929665 0.367981135845 0.2921167 -0.47657678 0.444000005722
1635885208.26 0.0937160775065 0.45001244545 0.474687188864 0.2921167 -0.47657678 0.361000061035
1635885265.94 0.104514434934 0.504143416882 0.298834651709 0.2921167 -0.47657678 0.438999891281
1635885290.0 0.0920185670257 0.524091243744 0.367737323046 0.2921167 -0.47657678 0.417999982834
1635885291.33 0.0951892882586 0.56926548481 0.370553523302 0.2921167 -0.47657678 1.1130001545
1635885333.07 0.00141245406121 0.487770974636 0.350762337446 0.2921167 -0.47657678 1.2389998436
1635885357.77 0.0766531974077 0.488559514284 0.354830890894 0.2921167 -0.47657678 0.513999938965
1635885359.04 0.00376121862791 0.51679110527 0.355123490095 0.2921167 -0.47657678 1.11299991608
1635885385.77 -0.000651432201266 0.658106923103 0.358548790216 0.2921167 -0.47657678 3.92600011826
1635885389.64 0.0797198340297 0.451113045216 0.486531972885 0.2921167 -0.47657678 0.53400015831
1635885409.37 0.0205027647316 0.510253727436 0.34847214818 0.2921167 -0.47657678 0.421999931335
1635885410.58 0.0309518538415 0.598206162453 0.345929503441 0.2921167 -0.47657678 0.820000171661
1635885414.51 -0.0346131213009 0.461775004864 0.434875786304 0.2921167 -0.47657678 0.00799989700317
1635885432.51 0.0456072799861 0.477271050215 0.346646219492 0.2921167 -0.47657678 1.21299982071
1635885434.02 0.0554952844977 0.661758482456 0.348743677139 0.2921167 -0.47657678 0.554999828339
1635885461.96 0.0973021537066 0.450873494148 0.475762456656 0.2921167 -0.47657678 0.309000015259
1635885476.51 0.0657959654927 0.45498046279 0.341162323952 0.2921167 -0.47657678 0.270999908447
1635885477.8 0.0829641595483 0.658282339573 0.359632700682 0.2921167 -0.47657678 0.720999956131
1635885494.78 0.027308601886 0.486062496901 0.497471094131 0.2921167 -0.47657678 0.546000003815
1635885496.34 -0.0045334585011 0.664766430855 0.483316868544 0.2921167 -0.47657678 0.797000169754
1635885517.08 -0.034152764827 0.460489928722 0.399876326323 0.2921167 -0.47657678 0.205999851227
1635885522.15 0.0817946568131 0.493341267109 0.484571069479 0.2921167 -0.47657678 0.570000171661
1635885523.18 0.113375425339 0.612197637558 0.438044846058 0.2921167 -0.47657678 0.864000082016
1635885534.7 0.0686271414161 0.479457885027 0.351418703794 0.2921167 -0.47657678 1.66700005531
1635885560.8 0.0482503995299 0.497649729252 0.346096485853 0.2921167 -0.47657678 0.571000099182
1635885562.22 0.0548808053136 0.63475894928 0.347048431635 0.2921167 -0.47657678 0.645999908447
1635885567.6 0.083966806531 0.453037798405 0.483328014612 0.2921167 -0.47657678 0.462000131607
1635885576.64 0.0663017183542 0.45126837492 0.503131151199 0.2921167 -0.47657678 0.144999980927
1635885578.43 -0.0326360762119 0.514186859131 0.396091580391 0.2921167 -0.47657678 1.64199995995
1635885590.83 0.0798480510712 0.461879432201 0.495165586472 0.2921167 -0.47657678 0.0349998474121
1635885591.83 0.0586684420705 0.489684045315 0.34873008728 0.2921167 -0.47657678 0.991999864578
1635885595.66 0.0862867236137 0.449960917234 0.484294712543 0.2921167 -0.47657678 0.300999879837
1635885606.28 0.065770983696 0.593691647053 0.494101524353 0.2921167 -0.47657678 0.438999891281
1635885607.88 0.0111449444667 0.678496062756 0.485202729702 -0.16602913 0.6038303 0.509999990463
1635885619.33 -0.436204493046 0.463824868202 1.57626974583 -0.16602913 0.6038303 0.259999990463
