1635883878.86 -0.376954138279 0.647108078003 0.419389098883 -0.17744917 -0.52422565
1635883990.1 -0.496738016605 0.684798955917 0.346121966839 -0.17744917 -0.52422565
1635884002.68 -0.440237820148 0.697713375092 0.35849198699 -0.17744917 -0.52422565
1635884027.62 -0.443382680416 0.645676851273 0.36591732502 -0.17744917 -0.52422565
1635884043.64 -0.373661786318 0.681381523609 0.37979772687 -0.17744917 -0.52422565
1635884065.79 -0.40170314908 0.676960110664 0.341631859541 -0.17744917 -0.52422565
1635884073.7 -0.498348653316 0.666356682777 0.387691140175 -0.17744917 -0.52422565
1635884096.99 -0.454804688692 0.707559466362 0.314346313477 -0.17744917 -0.52422565
1635884118.26 -0.450605332851 0.628412902355 0.384717106819 -0.17744917 -0.52422565
1635884141.85 -0.464893102646 0.638501405716 0.310276925564 -0.17744917 -0.52422565
1635884148.09 -0.427758067846 0.677044689655 0.367328286171 -0.17744917 -0.52422565
1635884187.42 -0.424320012331 0.673535525799 0.379381030798 -0.17744917 -0.52422565
1635884200.6 -0.427197426558 0.706590354443 0.424348205328 -0.17744917 -0.52422565
1635884243.86 -0.382074594498 0.638441622257 0.423478603363 -0.17744917 -0.52422565
1635884255.12 -0.43598741293 0.67307895422 0.337234020233 -0.17744917 -0.52422565
1635884257.12 -0.423545300961 0.69429898262 0.334608227015 -0.17744917 -0.52422565
1635884276.63 -0.442969471216 0.677102029324 1.29618406296 -0.1358666 0.42596903
1635884300.5 -0.44431000948 0.638157963753 1.35509288311 -0.1358666 0.42596903
1635884315.17 -0.34311029315 0.456436127424 1.32450222969 -0.1358666 0.42596903
1635884344.38 -0.433210730553 0.703479588032 1.29545521736 -0.1358666 0.42596903
1635884377.31 -0.38443338871 0.668494045734 1.26849389076 -0.1358666 0.42596903
1635884431.63 -0.441442906857 0.683628022671 1.29028570652 -0.1358666 0.42596903
1635884446.1 -0.429481714964 0.665068507195 1.28086352348 -0.1358666 0.42596903
1635884488.43 -0.32972317934 0.681977987289 1.33875119686 -0.1358666 0.42596903
1635884499.36 -0.414409250021 0.660482347012 1.27251565456 -0.1358666 0.42596903
1635884522.68 -0.432390719652 0.654390692711 1.36191630363 -0.1358666 0.42596903
1635884541.78 -0.448700457811 0.678481042385 1.31562650204 -0.1358666 0.42596903
1635884564.71 -0.420966118574 0.664302289486 1.36350929737 -0.1358666 0.42596903
1635884573.34 -0.34015339613 0.673535704613 1.31179690361 -0.1358666 0.42596903
1635884602.7 -0.438092589378 0.680485963821 1.3580300808 -0.1358666 0.42596903
1635884630.28 -0.353118628263 0.632074713707 1.26816499233 -0.1358666 0.42596903
1635884661.38 -0.401032090187 0.658987522125 1.256534338 -0.1358666 0.42596903
1635884669.83 -0.244614958763 0.659848153591 0.863256275654 0.00833211 0.020525465
1635884671.84 -0.23964214325 0.671704769135 0.88600564003 0.00833211 0.020525465
1635884692.4 -0.260502070189 0.648790359497 0.886682629585 0.00833211 0.020525465
1635884748.95 -0.28477153182 0.639200568199 0.922911882401 0.00833211 0.020525465
1635884769.59 -0.273069709539 0.652264595032 0.953454554081 0.00833211 0.020525465
1635884795.45 -0.203391581774 0.662604629993 0.936731696129 0.00833211 0.020525465
1635884817.5 -0.226856976748 0.667489588261 0.961440622807 0.00833211 0.020525465
1635884843.67 -0.255255967379 0.632323801517 0.884587109089 0.00833211 0.020525465
1635884870.63 -0.261392802 0.688068509102 0.948515057564 0.00833211 0.020525465
1635884894.59 -0.296168029308 0.651564776897 0.943855345249 0.00833211 0.020525465
1635884902.72 -0.207205936313 0.659624576569 0.879065454006 0.00833211 0.020525465
1635884925.24 -0.291789770126 0.645093142986 0.884195625782 0.00833211 0.020525465
1635884973.1 -0.246487215161 0.667245268822 0.971880376339 0.00833211 0.020525465
1635885023.59 -0.182224914432 0.661718189716 0.950129032135 0.00833211 0.020525465
1635885046.68 -0.173358350992 0.675664246082 0.896786868572 0.00833211 0.020525465
1635885074.02 -0.237006232142 0.702180624008 0.99271863699 0.00833211 0.020525465
1635885082.68 0.0853061228991 0.64077091217 0.378879129887 0.2921167 -0.47657678
1635885119.16 -0.0168502368033 0.643188238144 0.407891780138 0.2921167 -0.47657678
1635885290.82 0.0936862751842 0.660118103027 0.422523409128 0.2921167 -0.47657678
1635885332.34 0.00821167603135 0.668424844742 0.472899407148 0.2921167 -0.47657678
1635885358.62 0.0711732953787 0.646909534931 0.393443584442 0.2921167 -0.47657678
1635885383.19 0.0429043918848 0.66654086113 0.43254545331 0.2921167 -0.47657678
1635885385.2 0.016944989562 0.683561146259 0.391126483679 0.2921167 -0.47657678
1635885410.27 0.015335756354 0.65382707119 0.365743130445 0.2921167 -0.47657678
1635885433.97 0.0501939207315 0.664022922516 0.351594269276 0.2921167 -0.47657678
1635885477.59 0.0823878422379 0.663038909435 0.364752531052 0.2921167 -0.47657678
1635885496.04 -0.000534161925316 0.670667886734 0.480579584837 0.2921167 -0.47657678
1635885522.95 0.0748905986547 0.641497254372 0.447523057461 0.2921167 -0.47657678
1635885534.54 0.0555819422007 0.540425360203 0.39111545682 0.2921167 -0.47657678
1635885562.08 0.0595456063747 0.654185652733 0.369773775339 0.2921167 -0.47657678
1635885578.01 0.0240612905473 0.640884935856 0.433077424765 0.2921167 -0.47657678
1635885607.88 0.0108417468145 0.678517580032 0.485404402018 0.2921167 -0.47657678
