1636988738.3 -0.479761898518 0.467109084129 0.318822979927 -0.17744917 -0.52422565 1.32399988174
1636988739.23 -0.445115059614 0.465085804462 0.450417608023 -0.17744917 -0.52422565 0.167000055313
1636988751.64 -0.543427586555 0.609773278236 0.475912153721 -0.17744917 -0.52422565 2.16800022125
1636988752.55 -0.584688961506 0.472690761089 0.354052305222 -0.17744917 -0.52422565 0.00800013542175
1636988772.93 -0.43362262845 0.473189622164 0.527601778507 -0.17744917 -0.52422565 0.567000150681
1636988784.74 -0.497345268726 0.717928111553 0.448083817959 -0.17744917 -0.52422565 1.5
1636988787.67 -0.398266375065 0.461681634188 0.526492655277 -0.17744917 -0.52422565 1.98299980164
1636988788.65 -0.31654754281 0.45882076025 0.476811170578 -0.17744917 -0.52422565 0.56600022316
1636988800.17 -0.548576891422 0.467620313168 0.472832918167 -0.17744917 -0.52422565 1.08400011063
1636988801.0 -0.58364623785 0.47036755085 0.356761306524 -0.17744917 -0.52422565 0.00800013542175
1636988801.01 -0.583539247513 0.467857092619 0.350636571646 -0.17744917 -0.52422565 0.00799989700317
1636988801.03 -0.586175620556 0.467443823814 0.346106916666 -0.17744917 -0.52422565 0.0090000629425
1636988801.06 -0.58589553833 0.468203097582 0.346178621054 -0.17744917 -0.52422565 0.0090000629425
1636988804.78 -0.503258109093 0.695341467857 0.349907368422 -0.17744917 -0.52422565 1.5
1636988805.53 -0.426503181458 0.464355766773 0.454971373081 -0.17744917 -0.52422565 0.167000055313
1636988818.79 -0.447501242161 0.540705800056 0.301703304052 -0.17744917 -0.52422565 0.338000059128
1636988822.37 -0.356945544481 0.507327973843 0.397258996964 -0.17744917 -0.52422565 3.02900004387
1636988827.27 -0.47112223506 0.614209115505 0.441427856684 -0.17744917 -0.52422565 0.922000169754
1636988827.82 -0.483469665051 0.635736703873 0.431111812592 -0.17744917 -0.52422565 0.259000062943
1636988828.36 -0.50552880764 0.650254607201 0.387546122074 -0.17744917 -0.52422565 0.276000022888
1636988829.9 -0.417680114508 0.522731006145 0.226912662387 -0.17744917 -0.52422565 1.06700015068
1636988847.24 -0.253897994757 0.460131704807 0.378385454416 -0.17744917 -0.52422565 1.03299999237
1636988851.49 -0.578282654285 0.471934407949 0.336704105139 -0.17744917 -0.52422565 0.75
1636988856.46 -0.410261213779 0.526693999767 0.526171207428 -0.17744917 -0.52422565 0.608999967575
1636988868.86 -0.520690381527 0.51151663065 0.254180461168 -0.17744917 -0.52422565 0.450000047684
1636988870.12 -0.539876759052 0.641615211964 0.384605556726 -0.17744917 -0.52422565 0.516999959946
1636988871.37 -0.432572156191 0.673428237438 0.299728095531 -0.17744917 -0.52422565 1.04200005531
1636988873.5 -0.488829523325 0.621017456055 0.238796278834 -0.17744917 -0.52422565 1.40499997139
1636988874.78 -0.323739856482 0.463170647621 0.486635923386 -0.17744917 -0.52422565 1.16700005531
1636988886.73 -0.440338611603 0.696285605431 0.295118898153 0.26888722 -0.61409205 1.29999995232
1636988892.31 -0.00966354645789 0.476586997509 0.357932150364 0.26888722 -0.61409205 0.746000051498
1636988895.47 0.131688997149 0.698658525944 0.324569553137 0.26888722 -0.61409205 2.76699995995
1636988900.21 -0.0569513738155 0.502620458603 0.304506570101 0.26888722 -0.61409205 0.125
1636988907.0 -0.0276819393039 0.664417624474 0.346452116966 0.26888722 -0.61409205 0.117000102997
1636988914.41 0.0804677754641 0.454496175051 0.330137580633 0.26888722 -0.61409205 0.338000059128
1636988916.49 0.162645339966 0.680421888828 0.251920133829 0.26888722 -0.61409205 2.06599998474
1636988920.15 0.070231333375 0.454162031412 0.426503807306 0.26888722 -0.61409205 2.64199995995
1636988930.91 -0.0261703655124 0.478494346142 0.432351022959 0.26888722 -0.61409205 0.566999912262
1636988947.59 0.0694976300001 0.514426648617 0.427230626345 0.26888722 -0.61409205 0.5
1636988970.91 0.0944094285369 0.489670753479 0.415382325649 0.26888722 -0.61409205 0.217000007629
1636988974.33 -0.0457598865032 0.673619091511 0.328062742949 0.26888722 -0.61409205 0.516999959946
1636988974.72 -0.0359900221229 0.671054124832 0.339766234159 0.26888722 -0.61409205 0.384000062943
1636988989.54 -0.116983830929 0.623825609684 0.216272577643 0.26888722 -0.61409205 1.22600007057
1636988990.91 -0.00640990398824 0.481841534376 0.435443103313 0.26888722 -0.61409205 1.07499980927
1636989011.4 0.0102470032871 0.469939798117 0.135364070535 0.26888722 -0.61409205 0.650000095367
1636989015.72 0.1497836411 0.620808601379 0.288697212934 0.26888722 -0.61409205 0.541999816895
1636989018.87 -0.016570776701 0.455121487379 0.354955881834 0.26888722 -0.61409205 1.03600001335
1636989019.81 0.0862375870347 0.620006859303 0.254797935486 0.26888722 -0.61409205 0.463999986649
1636989022.08 0.144275352359 0.700074970722 0.366590440273 0.26888722 -0.61409205 2.03199982643
1636989023.31 0.0791038870811 0.635199725628 0.369922846556 0.26888722 -0.61409205 0.509999990463
1636989035.13 0.00188115122728 0.497575700283 0.209479302168 0.26888722 -0.61409205 0.634000062943
1636989038.03 0.0235605500638 0.699879586697 0.389721751213 -0.010399767 -0.11688994 2.64299988747
1636989053.4 -0.230847388506 0.451168388128 0.713292479515 -0.010399767 -0.11688994 1.01300001144
1636989054.37 -0.337318748236 0.618475973606 0.783493220806 -0.010399767 -0.11688994 0.513999938965
1636989060.32 -0.205196678638 0.475432008505 0.837967455387 -0.010399767 -0.11688994 0.262000083923
1636989062.18 -0.401791721582 0.527679085732 0.838429152966 -0.010399767 -0.11688994 0.875
1636989065.47 -0.155466079712 0.453018605709 0.674603104591 -0.010399767 -0.11688994 0.750999927521
1636989065.51 -0.138150691986 0.455141425133 0.670272290707 -0.010399767 -0.11688994 0.0090000629425
1636989074.54 -0.316596806049 0.511110067368 0.642058432102 -0.010399767 -0.11688994 0.401000022888
1636989096.25 -0.214785084128 0.480453699827 0.926629900932 -0.010399767 -0.11688994 0.483000040054
1636989124.35 -0.338557630777 0.498165100813 0.77663898468 -0.010399767 -0.11688994 1.30999994278
1636989125.72 -0.335346281528 0.658089458942 0.800239741802 -0.010399767 -0.11688994 0.401000022888
1636989126.62 -0.337224453688 0.694171488285 0.771027028561 -0.010399767 -0.11688994 0.207999944687
1636989127.51 -0.329050213099 0.699935019016 0.816556096077 -0.010399767 -0.11688994 0.375
1636989128.36 -0.218049570918 0.651876330376 0.845880627632 -0.010399767 -0.11688994 0.769999980927
1636989137.72 -0.330148637295 0.523984313011 0.750638008118 -0.010399767 -0.11688994 0.108999967575
1636989139.29 -0.36443272233 0.51270788908 0.673742115498 -0.010399767 -0.11688994 1.22899985313
1636989150.66 -0.385950386524 0.667881667614 0.777604937553 -0.010399767 -0.11688994 0.524999856949
1636989151.79 -0.336579501629 0.632763564587 0.787369072437 -0.010399767 -0.11688994 0.0680000782013
1636989152.37 -0.191494017839 0.478055357933 0.811535775661 -0.010399767 -0.11688994 0.553999900818
1636989154.37 -0.11124625802 0.531552135944 0.79121619463 -0.010399767 -0.11688994 1.07500004768
1636989162.86 -0.18900924921 0.55754506588 0.918270051479 -0.010399767 -0.11688994 0.549999952316
1636989186.36 -0.355213612318 0.570041060448 0.666400134563 -0.010399767 -0.11688994 0.158999919891
1636989205.94 -0.32174885273 0.551699817181 0.922270953655 -0.010399767 -0.11688994 0.267999887466
1636989210.29 -0.323078274727 0.471918672323 0.646578788757 -0.010399767 -0.11688994 1.09999990463
1636989217.52 -0.190894797444 0.664087235928 0.758140325546 -0.010399767 -0.11688994 1.40400004387
1636989218.49 -0.194868519902 0.676187336445 0.819083511829 -0.010399767 -0.11688994 0.746999979019
1636989221.7 -0.309796839952 0.455841451883 0.841158390045 -0.010399767 -0.11688994 0.00799989700317
1636989221.84 -0.31322824955 0.455319523811 0.838860034943 -0.010399767 -0.11688994 0.125999927521
1636989222.97 -0.269234597683 0.454154253006 0.85903185606 -0.010399767 -0.11688994 1.04200005531
1636989224.28 -0.192419633269 0.45628029108 0.815137565136 -0.010399767 -0.11688994 0.496000051498
1636989224.38 -0.184439510107 0.451273202896 0.788409471512 -0.010399767 -0.11688994 0.0989999771118
1636989225.21 -0.261053174734 0.454996347427 0.861684441566 -0.010399767 -0.11688994 0.59299993515
1636989237.09 -0.313326179981 0.527812719345 0.839048504829 -0.010399767 -0.11688994 0.18700003624
1636989237.22 -0.325115025043 0.481813132763 0.825706064701 -0.010399767 -0.11688994 0.00799989700317
1636989237.5 -0.33150485158 0.489429146051 0.814765274525 -0.010399767 -0.11688994 0.258000135422
1636989238.96 -0.406180411577 0.495788305998 0.828646540642 -0.010399767 -0.11688994 1.15400004387
1636989257.7 -0.128620266914 0.524640917778 0.857859671116 -0.010399767 -0.11688994 0.785000085831
1636989258.68 -0.124459572136 0.651527583599 0.845031440258 -0.010399767 -0.11688994 0.225000143051
1636989269.05 -0.406551331282 0.54002737999 0.826061367989 -0.010399767 -0.11688994 0.867000102997
1636989270.01 -0.406710147858 0.572570502758 0.824767827988 -0.010399767 -0.11688994 0.850000143051
1636989276.24 -0.131049990654 0.452251106501 0.862181186676 -0.010399767 -0.11688994 0.508999824524
1636989303.6 -0.261161446571 0.676408112049 0.861562430859 -0.010399767 -0.11688994 1.96599984169
1636989320.96 -0.194216251373 0.457235336304 0.82041734457 -0.010399767 -0.11688994 0.512000083923
1636989322.46 -0.205141440034 0.459477841854 0.642701864243 -0.010399767 -0.11688994 1.07399988174
1636989332.21 -0.385907262564 0.463706970215 0.869588673115 -0.010399767 -0.11688994 0.667000055313
1636989365.0 -0.124528817832 0.533080339432 0.718664646149 -0.010399767 -0.11688994 1.40100002289
1636989387.72 -0.332245022058 0.541501581669 0.809384942055 -0.010399767 -0.11688994 0.204999923706
1636989388.63 -0.316033571959 0.674733757973 0.819438517094 -0.19904834 -0.6672287 0.516999959946
1636989399.21 -0.456744551659 0.616828739643 0.386386662722 -0.19904834 -0.6672287 2.45799994469
1636989442.28 -0.499583721161 0.657323241234 0.292486429214 -0.19904834 -0.6672287 1.117000103
1636989442.84 -0.519023478031 0.629585087299 0.270905256271 -0.19904834 -0.6672287 0.342000007629
1636989444.85 -0.499693453312 0.687315225601 0.292842358351 -0.19904834 -0.6672287 0.349999904633
1636989448.36 -0.458775609732 0.578866362572 0.387864798307 -0.19904834 -0.6672287 2.39899992943
1636989464.4 -0.508473753929 0.697285473347 0.284670352936 -0.19904834 -0.6672287 1.92600011826
1636989467.39 -0.381179332733 0.468055427074 0.0905837491155 -0.19904834 -0.6672287 1.15500020981
1636989475.12 -0.593393087387 0.563850522041 0.285133898258 -0.19904834 -0.6672287 0.25
1636989483.46 -0.511540651321 0.627069830894 0.279613554478 -0.19904834 -0.6672287 1.97600007057
1636989495.7 -0.379911899567 0.613201618195 0.255482912064 -0.19904834 -0.6672287 0.192000150681
1636989498.76 -0.409200161695 0.576431334019 0.296822965145 -0.19904834 -0.6672287 2.66499996185
1636989518.8 -0.373657226562 0.598351716995 0.36320567131 -0.19904834 -0.6672287 1.28199982643
1636989559.26 -0.341468989849 0.577321887016 0.335494935513 -0.19904834 -0.6672287 0.332999944687
1636989559.97 -0.332185596228 0.63015550375 0.310997784138 0.12875457 0.631451 0.658999919891
1636989568.39 -0.170050814748 0.506890892982 1.65978193283 0.12875457 0.631451 0.737999916077
1636989569.97 0.0198447424918 0.464171618223 1.59448301792 0.12875457 0.631451 1.06299996376
1636989597.04 -0.163176834583 0.464448779821 1.67721438408 0.12875457 0.631451 0.299999952316
1636989625.51 -0.0502401702106 0.635038197041 1.55881023407 0.12875457 0.631451 2.72899985313
1636989625.54 -0.0500842183828 0.635225057602 1.55854606628 0.12875457 0.631451 0.0249998569489
1636989625.59 -0.0499979481101 0.63470107317 1.5583204031 0.12875457 0.631451 0.0420000553131
1636989625.65 -0.050197519362 0.635545551777 1.55903398991 0.12875457 0.631451 0.0499999523163
1636989626.99 -0.154422909021 0.465248584747 1.61185193062 0.12875457 0.631451 0.884999990463
1636989630.31 -0.0555211380124 0.463547885418 1.39428448677 0.12875457 0.631451 1.58400011063
1636989637.83 0.0283423550427 0.461424589157 1.49596083164 0.12875457 0.631451 0.267000198364
1636989640.44 -0.058249220252 0.669930577278 1.48661339283 0.12875457 0.631451 0.508999824524
1636989643.21 0.00671709515154 0.624504625797 1.61164104939 0.12875457 0.631451 2.67500019073
1636989643.33 0.0269280727953 0.635285079479 1.56802964211 0.12875457 0.631451 0.117000102997
1636989643.68 0.0190410614014 0.662076234818 1.47501575947 0.12875457 0.631451 0.207999944687
1636989644.14 -0.00722717493773 0.672122120857 1.43261730671 0.12875457 0.631451 0.384000062943
1636989648.59 -0.00456158258021 0.636018037796 1.59466159344 0.12875457 0.631451 0.516999959946
1636989652.59 -0.270072370768 0.460989445448 1.55704939365 0.12875457 0.631451 1.867000103
1636989668.93 -0.000946287065744 0.63684207201 1.61190843582 0.12875457 0.631451 0.516999959946
1636989689.64 -0.0776846408844 0.522534489632 1.59454452991 0.12875457 0.631451 0.404000043869
1636989692.81 -0.0184444431216 0.460965365171 1.66435217857 0.12875457 0.631451 2.93000006676
1636989718.92 -0.0335414484143 0.678011715412 1.53656637669 -0.29603714 0.63489705 0.516999959946
1636989723.51 -0.461787968874 0.457742065191 1.63777303696 -0.29603714 0.63489705 1.1289999485
1636989725.23 -0.538139283657 0.459125995636 1.46114838123 -0.29603714 0.63489705 0.468000173569
1636989728.13 -0.477029949427 0.665483772755 1.50414657593 -0.29603714 0.63489705 0.40299987793
1636989729.27 -0.546600341797 0.460663497448 1.61357426643 -0.29603714 0.63489705 0.621000051498
1636989734.4 -0.591612637043 0.673534572124 1.47512197495 -0.29603714 0.63489705 3.06200003624
1636989735.8 -0.61660605669 0.704595506191 1.51284074783 -0.29603714 0.63489705 0.52999997139
1636989736.57 -0.495660066605 0.633485853672 1.59296166897 -0.29603714 0.63489705 0.324999809265
1636989737.73 -0.48717173934 0.567557990551 1.58518493176 -0.29603714 0.63489705 0.328999996185
1636989743.94 -0.507759392262 0.462310701609 1.38956725597 -0.29603714 0.63489705 5.25099992752
1636989761.39 -0.432337731123 0.457715690136 1.63770222664 -0.29603714 0.63489705 0.101000070572
1636989766.89 -0.612431526184 0.713270843029 1.48773658276 -0.29603714 0.63489705 5.08400011063
1636989786.01 -0.503862917423 0.459609419107 1.61925899982 -0.29603714 0.63489705 1.03799986839
1636989788.54 -0.455187320709 0.66212117672 1.41536927223 -0.29603714 0.63489705 1.59599995613
1636989802.77 -0.54671818018 0.624672889709 1.60668981075 0.3036193 -0.6814044 1.22099995613
1636989821.28 0.0759941488504 0.453849941492 0.288858175278 0.3036193 -0.6814044 1.36299991608
1636989831.03 0.0721190720797 0.452514141798 0.29250895977 0.3036193 -0.6814044 3.21300005913
1636989846.23 0.119828999043 0.641683459282 0.247192665935 0.3036193 -0.6814044 0.912999868393
1636989847.89 0.00457458011806 0.50130546093 0.364142686129 0.3036193 -0.6814044 1.54600000381
1636989891.12 0.0274732485414 0.469210743904 0.0543001741171 0.3036193 -0.6814044 0.00799989700317
1636989892.72 0.0817014873028 0.454673409462 0.365039020777 0.3036193 -0.6814044 1.60099983215
1636989912.85 -0.00240548327565 0.63554495573 0.163888558745 0.3036193 -0.6814044 0.379999876022
1636989913.53 -0.0116941295564 0.669173002243 0.176242515445 0.3036193 -0.6814044 0.292000055313
1636989914.08 -0.00785814225674 0.706545114517 0.170129612088 0.3036193 -0.6814044 0.375999927521
1636989915.73 0.0718262344599 0.526679396629 0.290560722351 0.3036193 -0.6814044 1.1289999485
1636989926.22 0.0378630124032 0.480657666922 0.293511003256 0.3036193 -0.6814044 0.157999992371
1636989929.02 0.13714787364 0.706408381462 0.270260840654 0.3036193 -0.6814044 2.64300012589
1636989929.83 -0.0241517238319 0.576958060265 0.253729552031 0.3036193 -0.6814044 0.53400015831
1636989942.1 0.0581438541412 0.457365393639 0.137794137001 0.3036193 -0.6814044 0.575000047684
1636989944.14 -0.0996263027191 0.627611160278 0.223956421018 0.3036193 -0.6814044 1.25900006294
1636989944.63 -0.04456846416 0.685261487961 0.334300398827 0.3036193 -0.6814044 0.184000015259
1636989946.32 -0.00122924521565 0.653900682926 0.163622558117 0.3036193 -0.6814044 1.25900006294
1636989955.96 -0.0249788239598 0.516629159451 0.209569126368 0.3036193 -0.6814044 0.283999919891
1636989958.95 0.0709811598063 0.505668878555 0.147145241499 0.3036193 -0.6814044 0.680000066757
1636989958.96 0.0705371052027 0.506421029568 0.144132584333 0.3036193 -0.6814044 0.0090000629425
1636989961.48 0.0916777402163 0.476181656122 0.364724308252 0.3036193 -0.6814044 2.02599978447
1636989975.8 -0.0267350003123 0.499772697687 0.0887739434838 0.3036193 -0.6814044 0.0920000076294
1636989978.61 0.118372894824 0.468852102757 0.0708249211311 0.3036193 -0.6814044 0.434000015259
1636989979.89 0.0824540108442 0.459086894989 0.367391943932 0.3036193 -0.6814044 0.818000078201
1636990022.49 0.109505698085 0.506427407265 0.272346407175 0.3036193 -0.6814044 0.4359998703
1636990023.02 0.101700998843 0.50982427597 0.154525175691 0.3036193 -0.6814044 0.442000150681
1636990024.12 0.0388884432614 0.647883057594 0.203425318003 0.13645251 0.2605202 0.873000144958
1636990044.13 -0.0535680949688 0.454384744167 1.20649957657 0.13645251 0.2605202 0.570999860764
1636990045.11 -0.0498704761267 0.66118735075 1.11894774437 0.13645251 0.2605202 0.268000125885
1636990045.96 -0.0399854108691 0.634622454643 1.17647600174 0.13645251 0.2605202 0.309000015259
1636990050.66 0.00372148118913 0.665614783764 1.10246384144 0.13645251 0.2605202 2.67100000381
1636990064.87 0.0358736477792 0.653181672096 1.14710605145 0.13645251 0.2605202 1.12199997902
1636990065.36 -0.004170358181 0.667468070984 1.05792748928 0.13645251 0.2605202 0.0170001983643
1636990098.22 -0.184856802225 0.693931996822 1.18470919132 0.13645251 0.2605202 2.05900001526
1636990103.47 -0.107288509607 0.651204407215 1.23635387421 0.13645251 0.2605202 2.86299991608
1636990105.63 -0.0434586890042 0.709862172604 1.18855965137 0.13645251 0.2605202 0.325999975204
1636990106.19 -0.0440297722816 0.660441279411 1.13058173656 0.13645251 0.2605202 0.466000080109
1636990109.81 0.0368790775537 0.590183913708 1.12861585617 0.13645251 0.2605202 2.38899993896
1636990124.57 -0.166978210211 0.642105579376 1.07914876938 0.13645251 0.2605202 1.40099978447
1636990128.56 -0.107747524977 0.675257265568 1.01065266132 0.13645251 0.2605202 1.67000007629
1636990128.88 -0.12748119235 0.680560290813 1.01086699963 0.13645251 0.2605202 0.0920000076294
1636990142.5 -0.16752563417 0.510329186916 1.30170881748 0.13645251 0.2605202 0.440999984741
1636990164.31 -0.263098299503 0.531483650208 1.17617464066 0.13645251 0.2605202 0.0670001506805
1636990178.41 -0.262287855148 0.550223171711 1.13220047951 0.13645251 0.2605202 0.482999801636
1636990189.61 -0.137140259147 0.641272425652 1.17494416237 -0.08183917 0.7160799 0.900000095367
1636990199.8 -0.442403286695 0.505127072334 1.67737174034 -0.08183917 0.7160799 0.559000015259
1636990203.2 -0.230779871345 0.470646351576 1.498062253 -0.08183917 0.7160799 1.07899999619
1636990203.22 -0.221920996904 0.466005206108 1.48874437809 -0.08183917 0.7160799 0.00799989700317
1636990215.94 -0.371754169464 0.463593840599 1.47071957588 -0.08183917 0.7160799 1.375
1636990216.74 -0.419595986605 0.460266143084 1.49475479126 -0.08183917 0.7160799 0.5
1636990240.18 -0.471335679293 0.465825021267 1.55563557148 -0.08183917 0.7160799 0.675999879837
1636990265.03 -0.288802057505 0.515783905983 1.68097007275 -0.08183917 0.7160799 0.228999853134
1636990265.85 -0.254892319441 0.676192998886 1.616492033 -0.08183917 0.7160799 0.460000038147
1636990266.32 -0.285468786955 0.621182858944 1.67697966099 -0.08183917 0.7160799 0.167000055313
1636990266.34 -0.286512970924 0.619499087334 1.67804014683 -0.08183917 0.7160799 0.00899982452393
1636990266.73 -0.400563210249 0.480397075415 1.6633079052 -0.08183917 0.7160799 0.37700009346
1636990270.64 -0.134581461549 0.469956189394 1.62939751148 -0.08183917 0.7160799 1.94199991226
1636990285.7 -0.465033143759 0.474297046661 1.54456520081 -0.08183917 0.7160799 1.2009999752
1636990288.43 -0.469608724117 0.466748565435 1.69429039955 -0.08183917 0.7160799 1.02600002289
1636990290.75 -0.175092950463 0.463072061539 1.5965102911 -0.08183917 0.7160799 0.933000087738
1636990331.56 -0.524307489395 0.464838862419 1.67265379429 -0.08183917 0.7160799 2.05999994278
1636990339.09 -0.376294225454 0.668643534184 1.76000738144 -0.08183917 0.7160799 0.349999904633
1636990339.56 -0.324394345284 0.660528182983 1.76666605473 -0.08183917 0.7160799 0.351000070572
1636990341.22 -0.401697099209 0.642015099525 1.59130215645 -0.08183917 0.7160799 1.65100002289
1636990344.68 -0.477770358324 0.637302279472 1.58748650551 -0.08183917 0.7160799 1.35100007057
1636990348.65 -0.179868593812 0.46017742157 1.57923567295 -0.08183917 0.7160799 1.96700000763
1636990352.41 -0.476048529148 0.474336355925 1.56922721863 -0.08183917 0.7160799 0.608999967575
1636990355.22 -0.367706567049 0.640837728977 1.5510532856 -0.08183917 0.7160799 1.45799994469
1636990364.94 -0.283597946167 0.504409492016 1.68836605549 -0.08183917 0.7160799 0.517999887466
1636990368.35 -0.41458979249 0.587283551693 1.49197423458 -0.08183917 0.7160799 2.382999897
1636990370.75 -0.389164417982 0.656026601791 1.5388572216 -0.08183917 0.7160799 0.516999959946
1636990371.56 -0.354702174664 0.504081010818 1.69013404846 -0.08183917 0.7160799 0.608999967575
1636990373.06 -0.268926382065 0.461130023003 1.66495108604 -0.08183917 0.7160799 0.125999927521
1636990373.76 -0.256043106318 0.470052152872 1.63448536396 -0.08183917 0.7160799 0.245000123978
1636990395.75 -0.484028637409 0.4651080966 1.68798589706 -0.08183917 0.7160799 3.3069999218
1636990398.91 -0.39460375905 0.66297519207 1.60315060616 0.2107552 0.40070707 0.668999910355
1636990403.61 -0.123131103814 0.65191167593 1.42537152767 0.2107552 0.40070707 1.42999982834
1636990425.24 -0.130569964647 0.529549241066 1.18002891541 0.2107552 0.40070707 0.632999897003
1636990450.52 0.0755803436041 0.455328345299 1.19548749924 0.2107552 0.40070707 0.891999959946
1636990450.54 0.0768835544586 0.454794853926 1.19848275185 0.2107552 0.40070707 0.00799989700317
1636990467.64 -0.108476087451 0.450537890196 1.21147274971 0.2107552 0.40070707 0.276999950409
1636990476.77 0.00468354672194 0.463572412729 1.36738395691 0.2107552 0.40070707 0.413000106812
1636990477.49 0.0298070851713 0.662845611572 1.26560616493 0.2107552 0.40070707 0.224999904633
1636990478.08 0.0238274261355 0.68814009428 1.25935602188 0.2107552 0.40070707 0.388000011444
1636990480.56 -0.0706401541829 0.680629312992 1.36845457554 0.2107552 0.40070707 2.08899998665
1636990481.62 0.0475530996919 0.475756764412 1.42596888542 0.2107552 0.40070707 1.02900004387
1636990482.17 0.110360443592 0.453346371651 1.33755397797 0.2107552 0.40070707 0.299999952316
1636990483.02 0.0994623750448 0.449066966772 1.23567557335 0.2107552 0.40070707 0.692000150681
1636990484.41 -0.040072273463 0.458178073168 1.1478676796 0.2107552 0.40070707 0.759000062943
1636990487.34 0.103468134999 0.471792280674 1.34866476059 0.2107552 0.40070707 0.176000118256
1636990502.36 -0.0176193602383 0.675674855709 1.22567296028 0.2107552 0.40070707 0.516999959946
1636990503.54 -0.0205790102482 0.510365009308 1.37759709358 0.2107552 0.40070707 1.08300018311
1636990521.55 -0.00519169541076 0.505936086178 1.36797249317 0.2107552 0.40070707 0.228999853134
1636990522.3 0.0362490005791 0.648912549019 1.2967864275 0.2107552 0.40070707 0.134000062943
1636990522.87 0.0234530121088 0.679747343063 1.25778353214 0.2107552 0.40070707 0.384000062943
1636990523.57 0.0366155691445 0.68414914608 1.30448412895 0.2107552 0.40070707 0.401000022888
1636990524.92 -0.0221191812307 0.601129174232 1.45051085949 0.2107552 0.40070707 0.871999979019
1636990529.63 -0.0236768014729 0.453702032566 1.15002524853 0.2107552 0.40070707 0.858999967575
1636990533.83 -0.0166482161731 0.624026060104 1.40722835064 0.2107552 0.40070707 1.25099992752
