1636988751.08 -0.461796700954 0.710063278675 0.444859772921 -0.17744917 -0.52422565
1636988784.73 -0.497104495764 0.716417014599 0.447099298239 -0.17744917 -0.52422565
1636988786.74 -0.418767869473 0.704221189022 0.367438703775 -0.17744917 -0.52422565
1636988804.27 -0.479210525751 0.715847492218 0.356633841991 -0.17744917 -0.52422565
1636988819.86 -0.485426872969 0.667980372906 0.397464215755 -0.17744917 -0.52422565
1636988822.01 -0.42048895359 0.708910226822 0.339128762484 -0.17744917 -0.52422565
1636988829.34 -0.427800148726 0.702281177044 0.345168173313 -0.17744917 -0.52422565
1636988870.12 -0.541451334953 0.644482076168 0.382445931435 -0.17744917 -0.52422565
1636988872.6 -0.418581813574 0.692815005779 0.315989822149 -0.17744917 -0.52422565
1636988886.73 -0.440270066261 0.696975409985 0.295420050621 -0.17744917 -0.52422565
1636988893.36 0.00682916492224 0.663694441319 0.299550294876 0.26888722 -0.61409205
1636988895.46 0.131688997149 0.698658525944 0.324569553137 0.26888722 -0.61409205
1636988915.83 0.0157122947276 0.683798551559 0.278225183487 0.26888722 -0.61409205
1636988974.32 -0.0469555705786 0.673338711262 0.328500539064 0.26888722 -0.61409205
1636988988.95 -0.00950815528631 0.664079606533 0.239388272166 0.26888722 -0.61409205
1636989015.71 0.1497836411 0.620808601379 0.288697212934 0.26888722 -0.61409205
1636989020.55 0.0505669601262 0.676740348339 0.271755278111 0.26888722 -0.61409205
1636989023.31 0.0798236578703 0.641296923161 0.367258995771 0.26888722 -0.61409205
1636989036.01 -0.0514949150383 0.663374006748 0.275546401739 0.26888722 -0.61409205
1636989038.02 0.0240622572601 0.700369238853 0.389090716839 0.26888722 -0.61409205
1636989061.81 -0.322628617287 0.654919326305 0.81363171339 -0.010399767 -0.11688994
1636989128.1 -0.231847450137 0.697237968445 0.806653678417 -0.010399767 -0.11688994
1636989138.61 -0.329325377941 0.677930474281 0.773837208748 -0.010399767 -0.11688994
1636989150.65 -0.38593313098 0.668326556683 0.777925550938 -0.010399767 -0.11688994
1636989153.84 -0.226972743869 0.672508716583 0.79690015316 -0.010399767 -0.11688994
1636989218.24 -0.221239745617 0.669644236565 0.815429329872 -0.010399767 -0.11688994
1636989238.31 -0.282692015171 0.668963074684 0.84470385313 -0.010399767 -0.11688994
1636989302.63 -0.286769270897 0.659800171852 0.843874931335 -0.010399767 -0.11688994
1636989322.11 -0.247002780437 0.674408972263 0.761036217213 -0.010399767 -0.11688994
1636989388.62 -0.316033571959 0.674733757973 0.819438517094 -0.010399767 -0.11688994
1636989398.09 -0.451901227236 0.6741964221 0.254482656717 -0.19904834 -0.6672287
1636989442.22 -0.500389099121 0.653305232525 0.285787940025 -0.19904834 -0.6672287
1636989446.47 -0.392459362745 0.697979092598 0.262097716331 -0.19904834 -0.6672287
1636989463.82 -0.509074807167 0.700636982918 0.272444814444 -0.19904834 -0.6672287
1636989466.74 -0.480306297541 0.703674077988 0.28276693821 -0.19904834 -0.6672287
1636989482.37 -0.402822554111 0.622993052006 0.267975091934 -0.19904834 -0.6672287
1636989496.6 -0.415728896856 0.663573205471 0.241007089615 -0.19904834 -0.6672287
1636989498.6 -0.396833121777 0.674434006214 0.257937312126 -0.19904834 -0.6672287
1636989518.04 -0.412344753742 0.673129379749 0.269815921783 -0.19904834 -0.6672287
1636989559.96 -0.332185596228 0.63015550375 0.310997784138 -0.19904834 -0.6672287
1636989569.41 -0.100455060601 0.675948739052 1.55170118809 0.12875457 0.631451
1636989623.96 -0.0496717058122 0.689580857754 1.52449703217 0.12875457 0.631451
1636989629.36 -0.165108591318 0.7228282094 1.53344988823 0.12875457 0.631451
1636989640.43 -0.0585683397949 0.670136868954 1.48656964302 0.12875457 0.631451
1636989642.44 -0.134958192706 0.629047214985 1.5943338871 0.12875457 0.631451
1636989648.58 -0.00327728618868 0.638563632965 1.59430718422 0.12875457 0.631451
1636989651.23 -0.118391059339 0.678891181946 1.52768337727 0.12875457 0.631451
1636989668.93 -0.000862549059093 0.63709706068 1.61201643944 0.12875457 0.631451
1636989690.38 -0.0593854039907 0.639773190022 1.55689966679 0.12875457 0.631451
1636989718.91 -0.033387247473 0.677040874958 1.53595340252 0.12875457 0.631451
1636989731.85 -0.524473547935 0.688384890556 1.57245206833 -0.29603714 0.63489705
1636989733.86 -0.597289502621 0.715899705887 1.51321399212 -0.29603714 0.63489705
1636989739.19 -0.560750305653 0.675438284874 1.56139755249 -0.29603714 0.63489705
1636989741.2 -0.594290733337 0.685893297195 1.53894519806 -0.29603714 0.63489705
1636989743.21 -0.53644067049 0.691847681999 1.5699737072 -0.29603714 0.63489705
1636989762.87 -0.560448467731 0.664791822433 1.58432817459 -0.29603714 0.63489705
1636989764.87 -0.536387383938 0.670739412308 1.58074021339 -0.29603714 0.63489705
1636989766.88 -0.612543284893 0.713431954384 1.48768055439 -0.29603714 0.63489705
1636989787.52 -0.493810415268 0.676133990288 1.58809101582 -0.29603714 0.63489705
1636989802.76 -0.547458231449 0.621710598469 1.60706341267 -0.29603714 0.63489705
1636989828.41 0.0404719337821 0.694023311138 0.196713805199 0.3036193 -0.6814044
1636989830.43 0.0100650880486 0.679276645184 0.218973040581 0.3036193 -0.6814044
1636989846.85 0.074417874217 0.698806345463 0.214570403099 0.3036193 -0.6814044
1636989915.11 0.0332929939032 0.626029074192 0.232974737883 0.3036193 -0.6814044
1636989927.01 -0.0117220319808 0.687621533871 0.253241121769 0.3036193 -0.6814044
1636989929.02 0.137196287513 0.70654374361 0.270221859217 0.3036193 -0.6814044
1636989943.7 -0.000155288726091 0.667506814003 0.177298396826 0.3036193 -0.6814044
1636989945.72 0.047309037298 0.651276230812 0.274915724993 0.3036193 -0.6814044
1636989960.3 0.0374216213822 0.68281430006 0.235658153892 0.3036193 -0.6814044
1636990024.12 0.0401527583599 0.649566233158 0.2051769346 0.3036193 -0.6814044
1636990048.64 -0.146970584989 0.705980420113 1.16308116913 0.13645251 0.2605202
1636990050.66 0.00405754894018 0.66617846489 1.1029163599 0.13645251 0.2605202
1636990064.35 -0.0428184345365 0.713763415813 1.17298281193 0.13645251 0.2605202
1636990097.57 -0.160102844238 0.678527474403 1.15110945702 0.13645251 0.2605202
1636990101.17 -0.119835533202 0.692338764668 1.10972309113 0.13645251 0.2605202
1636990103.18 -0.156736209989 0.651428878307 1.18594682217 0.13645251 0.2605202
1636990107.93 -0.151130139828 0.676233410835 1.13868331909 0.13645251 0.2605202
1636990124.57 -0.167365401983 0.641114413738 1.07820594311 0.13645251 0.2605202
1636990127.4 -0.122589856386 0.690853774548 1.13726174831 0.13645251 0.2605202
1636990189.6 -0.137140259147 0.641272425652 1.17494416237 0.13645251 0.2605202
1636990202.63 -0.342512786388 0.639356255531 1.57499337196 -0.08183917 0.7160799
1636990269.2 -0.380483090878 0.668473422527 1.65472507477 -0.08183917 0.7160799
1636990285.0 -0.296578198671 0.666441679001 1.57701587677 -0.08183917 0.7160799
1636990340.07 -0.301630735397 0.624968409538 1.64172494411 -0.08183917 0.7160799
1636990343.93 -0.370509535074 0.713671147823 1.58078539371 -0.08183917 0.7160799
1636990354.52 -0.403348505497 0.676166594028 1.619379282 -0.08183917 0.7160799
1636990366.47 -0.28175163269 0.681512475014 1.59698927402 -0.08183917 0.7160799
1636990370.74 -0.388913571835 0.655393898487 1.5390213728 -0.08183917 0.7160799
1636990393.42 -0.326164484024 0.653814315796 1.66227042675 -0.08183917 0.7160799
1636990398.9 -0.394660621881 0.663323283195 1.60315668583 -0.08183917 0.7160799
1636990402.8 -0.00897604227066 0.676597237587 1.36333763599 0.2107552 0.40070707
1636990478.98 -0.0266502015293 0.68910831213 1.34521245956 0.2107552 0.40070707
1636990481.1 -0.0621752105653 0.680478692055 1.36681950092 0.2107552 0.40070707
1636990502.35 -0.0176086761057 0.675404369831 1.225227952 0.2107552 0.40070707
1636990524.55 -0.0444607585669 0.676307141781 1.36500024796 0.2107552 0.40070707
1636990533.82 -0.0166482161731 0.624026060104 1.40722835064 0.2107552 0.40070707
