1648472578.13 -0.505700588226 0.56257712841 0.458910286427 -0.17744917 -0.52422565 0.458999872208
1648472580.59 -0.504351198673 0.710627615452 0.444414585829 -0.17744917 -0.52422565 1.80899977684
1648472580.76 -0.500170946121 0.725194275379 0.486900150776 -0.17744917 -0.52422565 0.0680000782013
1648472581.67 -0.355933189392 0.667166173458 0.436095684767 -0.17744917 -0.52422565 0.858999967575
1648472693.58 -0.438934922218 0.568898737431 0.530055940151 -0.17744917 -0.52422565 0.117000102997
1648473032.57 -0.49293667078 0.460218310356 0.412672549486 -0.17744917 -0.52422565 0.516999959946
1648473159.55 -0.456048160791 0.524468898773 0.528841972351 -0.17744917 -0.52422565 0.450999975204
1648473239.2 -0.483388960361 0.494804501534 0.399631440639 -0.17744917 -0.52422565 0.542000055313
1648473253.5 -0.35546207428 0.471935749054 0.441850632429 -0.17744917 -0.52422565 0.018000125885
1648473253.91 -0.47553396225 0.460042595863 0.520778954029 -0.17744917 -0.52422565 0.401999950409
1648473253.93 -0.47246491909 0.460865646601 0.536362051964 -0.17744917 -0.52422565 0.00899982452393
1648473264.84 -0.367107927799 0.449163407087 0.385160326958 -0.17744917 -0.52422565 0.642000198364
1648473265.77 -0.397296994925 0.523808598518 0.38819950819 -0.17744917 -0.52422565 0.741999864578
1648473266.56 -0.406633138657 0.461760640144 0.52921962738 -0.17744917 -0.52422565 0.282999992371
1648473277.29 -0.366643369198 0.588620424271 0.413035154343 -0.17744917 -0.52422565 0.976000070572
1648473277.59 -0.359389662743 0.656296312809 0.426142990589 -0.17744917 -0.52422565 0.00799989700317
1648473277.62 -0.360260397196 0.656146109104 0.42646548152 -0.17744917 -0.52422565 0.00800013542175
1648473277.93 -0.355705797672 0.684830009937 0.440111875534 -0.17744917 -0.52422565 0.292000055313
1648473277.96 -0.356106162071 0.686084449291 0.439426541328 -0.17744917 -0.52422565 0.0090000629425
1648473278.12 -0.354350686073 0.683954536915 0.441102534533 -0.17744917 -0.52422565 0.00800013542175
1648473278.18 -0.354996204376 0.692366838455 0.446761608124 -0.17744917 -0.52422565 0.018000125885
1648473278.23 -0.354292273521 0.691281855106 0.446915566921 -0.17744917 -0.52422565 0.0420000553131
1648473278.26 -0.354968249798 0.688636362553 0.444044709206 -0.17744917 -0.52422565 0.0090000629425
1648473278.3 -0.354570746422 0.686703622341 0.44236472249 -0.17744917 -0.52422565 0.00800013542175
1648473278.44 -0.356056183577 0.683509469032 0.44125404954 -0.17744917 -0.52422565 0.0160000324249
1648473278.87 -0.354048758745 0.685955822468 0.445596396923 -0.17744917 -0.52422565 0.417000055313
1648473285.11 -0.427973270416 0.462794423103 0.532377302647 -0.17744917 -0.52422565 0.417000055313
1648473342.53 -0.358152925968 0.575272977352 0.430809170008 -0.17744917 -0.52422565 0.426000118256
1648473342.55 -0.357377260923 0.579880416393 0.427182644606 -0.17744917 -0.52422565 0.0090000629425
1648473353.0 -0.366001904011 0.681168794632 0.416262567043 -0.17744917 -0.52422565 1.09299993515
1648473353.01 -0.365651577711 0.68065392971 0.416081368923 -0.17744917 -0.52422565 0.0090000629425
1648473353.05 -0.36603090167 0.680620551109 0.415235042572 -0.17744917 -0.52422565 0.0250000953674
1648473353.07 -0.366954237223 0.678146481514 0.413967967033 -0.17744917 -0.52422565 0.00799989700317
1648473353.11 -0.367533296347 0.675442636013 0.411270856857 -0.17744917 -0.52422565 0.0090000629425
1648473353.19 -0.3684284091 0.672790825367 0.409149944782 -0.17744917 -0.52422565 0.0120000839233
1648473353.28 -0.368980139494 0.673417925835 0.411436676979 -0.17744917 -0.52422565 0.0169999599457
1648473353.49 -0.365867584944 0.67880743742 0.414944112301 -0.17744917 -0.52422565 0.00799989700317
1648473354.19 -0.485910236835 0.55773717165 0.506464898586 -0.17744917 -0.52422565 0.641999959946
1648473369.26 -0.488270580769 0.503262460232 0.504038929939 -0.17744917 -0.52422565 0.342000007629
1648473370.97 -0.350333243608 0.640997111797 0.4562266469 -0.17744917 -0.52422565 0.425999879837
1648473371.68 -0.354409575462 0.656479716301 0.461456090212 -0.17744917 -0.52422565 0.483999967575
1648473615.06 -0.409967422485 0.458927094936 0.511994242668 -0.17744917 -0.52422565 0.0169999599457
1648473762.16 -0.369442433119 0.454852461815 0.503139197826 -0.17744917 -0.52422565 0.450000047684
1648473762.19 -0.367443710566 0.455834984779 0.503124475479 -0.17744917 -0.52422565 0.0260000228882
1648473804.64 -0.446400791407 0.449456810951 0.530447483063 -0.17744917 -0.52422565 0.0339999198914
1648473810.05 -0.49095544219 0.465084373951 0.511160075665 -0.17744917 -0.52422565 5.40100002289
1648473865.8 -0.47141289711 0.53391546011 0.521149635315 -0.17744917 -0.52422565 0.44000005722
1648474161.16 -0.370914638042 0.478056013584 0.301786422729 -0.17744917 -0.52422565 0.0429999828339
1648474191.94 -0.386885553598 0.456923305988 0.519404947758 -0.17744917 -0.52422565 0.241999864578
1648474224.48 -0.356705904007 0.456081420183 0.488442212343 -0.17744917 -0.52422565 0.309000015259
