1635254846.61 -0.352925658226 0.457003593445 0.37611207366 -0.17744917 -0.52422565 0.37099981308
1635254917.55 -0.430261105299 0.691249489784 0.300799638033 -0.17744917 -0.52422565 0.426000118256
1635254917.62 -0.422864437103 0.694519758224 0.301252961159 -0.17744917 -0.52422565 0.0329999923706
1635254918.0 -0.40981978178 0.699225783348 0.30354014039 -0.17744917 -0.52422565 0.0429999828339
1635254919.33 -0.396008372307 0.460314840078 0.444322049618 -0.17744917 -0.52422565 0.566999912262
1635254922.11 -0.500502586365 0.464997321367 0.350184202194 -0.17744917 -0.52422565 0.393000125885
1635254974.33 -0.505513191223 0.508530378342 0.370314657688 -0.17744917 -0.52422565 0.480999946594
1635254983.94 -0.364346951246 0.465645611286 0.414717167616 -0.17744917 -0.52422565 0.0529999732971
1635254984.67 -0.375532358885 0.674152076244 0.428835809231 -0.17744917 -0.52422565 0.717000007629
1635254985.26 -0.375583827496 0.682777941227 0.42794662714 -0.17744917 -0.52422565 0.324999809265
1635254985.32 -0.37609487772 0.68157851696 0.428607225418 -0.17744917 -0.52422565 0.00899982452393
1635254985.54 -0.438620835543 0.548683822155 0.451210588217 -0.17744917 -0.52422565 0.210000038147
1635254993.91 -0.425005674362 0.462161540985 0.453641891479 -0.17744917 -0.52422565 0.149000167847
1635254993.98 -0.437643676996 0.463708877563 0.456708133221 -0.17744917 -0.52422565 0.00899982452393
1635254994.24 -0.48597458005 0.461936324835 0.42729473114 -0.17744917 -0.52422565 0.213999986649
1635254995.53 -0.416098773479 0.66364967823 0.452798128128 -0.17744917 -0.52422565 0.822000026703
1635255020.84 -0.470450103283 0.464821398258 0.311661303043 -0.17744917 -0.52422565 0.625999927521
1635255025.74 -0.443938106298 0.470415115356 0.452928513288 -0.17744917 -0.52422565 1.10800004005
1635255034.22 -0.400760024786 0.470341295004 0.454309493303 -0.17744917 -0.52422565 0.0090000629425
1635255035.69 -0.49389320612 0.520737946033 0.416565239429 -0.17744917 -0.52422565 1.4430000782
1635255075.99 -0.459117174149 0.514696002007 0.304725438356 -0.17744917 -0.52422565 0.276000022888
1635255077.2 -0.45952758193 0.624638080597 0.307134866714 -0.17744917 -0.52422565 0.926000118256
1635255090.03 -0.358567804098 0.546446919441 0.349787414074 -0.17744917 -0.52422565 0.235000133514
1635255090.5 -0.354224324226 0.675716996193 0.384915530682 -0.17744917 -0.52422565 0.333000183105
1635255091.29 -0.502634704113 0.46509167552 0.40130853653 -0.17744917 -0.52422565 0.486999988556
1635255109.36 -0.358221024275 0.544760763645 0.294540315866 -0.17744917 -0.52422565 0.519000053406
1635255112.21 -0.49854978919 0.507716596127 0.418405592442 -0.17744917 -0.52422565 2.43400001526
1635255177.01 -0.355978369713 0.6070779562 0.394644975662 -0.17744917 -0.52422565 0.460000038147
1635255178.66 -0.497974723577 0.492467969656 0.408900827169 -0.17744917 -0.52422565 0.394999980927
1635255179.16 -0.480473995209 0.46619951725 0.319783687592 -0.17744917 -0.52422565 0.0720000267029
1635255180.08 -0.495028406382 0.464660286903 0.336206138134 -0.17744917 -0.52422565 0.521999835968
1635255183.18 -0.320149362087 0.458140015602 0.384926438332 -0.17744917 -0.52422565 0.401000022888
1635255184.4 -0.378180086613 0.676676213741 0.366491705179 0.21858792 -0.23331837 0.561000108719
1635255200.13 -0.00267290882766 0.607287704945 0.735385239124 0.21858792 -0.23331837 0.421999931335
1635255200.94 -0.0122156571597 0.665273308754 0.738148093224 0.21858792 -0.23331837 0.108000040054
1635255202.16 -0.0394212007523 0.453034847975 0.591179251671 0.21858792 -0.23331837 0.954999923706
1635255211.73 0.0283379647881 0.44625800848 0.622458338737 0.21858792 -0.23331837 0.461999893188
1635255215.87 -0.094947129488 0.513057291508 0.711310744286 0.21858792 -0.23331837 1.48000001907
1635255227.36 -0.0218869987875 0.449317842722 0.743989527225 0.21858792 -0.23331837 0.549000024796
1635255230.06 0.0325748845935 0.46087756753 0.625087082386 0.21858792 -0.23331837 0.128999948502
1635255235.61 -0.0644262507558 0.506297469139 0.734350144863 0.21858792 -0.23331837 0.183000087738
1635255236.48 -0.0892041996121 0.675245821476 0.716411232948 0.21858792 -0.23331837 0.109000205994
1635255237.04 -0.0888541340828 0.667416453362 0.716010272503 0.21858792 -0.23331837 0.458999872208
1635255250.65 -0.107901975513 0.677412450314 0.655645787716 0.21858792 -0.23331837 1.18400001526
1635255251.53 -0.100068755448 0.492433011532 0.615223944187 0.21858792 -0.23331837 0.766000032425
1635255270.46 -0.108359932899 0.501216590405 0.668044149876 0.21858792 -0.23331837 0.0249998569489
1635255270.6 -0.107910975814 0.460066556931 0.653738260269 0.21858792 -0.23331837 0.0339999198914
1635255270.62 -0.107584185898 0.46575692296 0.657861590385 0.21858792 -0.23331837 0.0090000629425
1635255270.69 -0.108716860414 0.476379096508 0.670413076878 0.21858792 -0.23331837 0.0590000152588
1635255278.19 0.0190705172718 0.448030740023 0.609215974808 0.21858792 -0.23331837 1.74499988556
1635255284.88 -0.0529977269471 0.450007170439 0.747238278389 0.21858792 -0.23331837 0.393000125885
1635255304.07 -0.0364916287363 0.450413107872 0.74308937788 0.21858792 -0.23331837 1.34699988365
1635255307.74 -0.0432388521731 0.451405823231 0.514332950115 0.21858792 -0.23331837 0.733999967575
1635255311.09 0.0286805871874 0.603660821915 0.712067604065 0.21858792 -0.23331837 0.723999977112
1635255312.59 0.0110737523064 0.595769166946 0.727794468403 0.21858792 -0.23331837 0.855000019073
1635255314.49 -0.0246403068304 0.450652509928 0.591350197792 0.21858792 -0.23331837 0.063000202179
1635255314.56 -0.0375156886876 0.451204419136 0.589869022369 0.21858792 -0.23331837 0.0339999198914
1635255319.76 -0.0502722784877 0.504935085773 0.738736689091 0.21858792 -0.23331837 0.0139999389648
1635255319.82 -0.0276637803763 0.496443867683 0.743957698345 0.21858792 -0.23331837 0.0500001907349
1635255320.84 0.00188243994489 0.562439799309 0.733551383018 0.21858792 -0.23331837 0.766999959946
1635255371.18 -0.0247325059026 0.450034111738 0.591241359711 0.21858792 -0.23331837 0.0249998569489
1635255382.46 -0.0253528412431 0.506399989128 0.58968603611 0.21858792 -0.23331837 0.579999923706
1635255383.29 -0.040952116251 0.667281150818 0.622631847858 -0.12096958 -0.54758334 0.660000085831
1635255392.46 -0.365104496479 0.59420633316 0.428434818983 -0.12096958 -0.54758334 0.286999940872
1635255393.43 -0.439351171255 0.465591311455 0.389788299799 -0.12096958 -0.54758334 0.200999975204
1635255395.52 -0.429310470819 0.646921336651 0.404288202524 -0.12096958 -0.54758334 0.0829999446869
1635255396.58 -0.333043307066 0.637908756733 0.415820598602 -0.12096958 -0.54758334 0.605999946594
1635255408.38 -0.29888048768 0.525798916817 0.344841629267 -0.12096958 -0.54758334 0.27799987793
1635255410.92 -0.348827570677 0.467422455549 0.278855860233 -0.12096958 -0.54758334 0.636000156403
1635255419.33 -0.360272496939 0.597883999348 0.426860868931 -0.12096958 -0.54758334 0.425000190735
1635255421.43 -0.319398492575 0.693231225014 0.406576216221 -0.12096958 -0.54758334 0.150000095367
1635255422.37 -0.313438892365 0.688859462738 0.3978921175 -0.12096958 -0.54758334 0.141000032425
1635255422.83 -0.297959178686 0.500972211361 0.339811772108 -0.12096958 -0.54758334 0.160000085831
1635255422.87 -0.297175139189 0.486954391003 0.332152485847 -0.12096958 -0.54758334 0.018000125885
1635255422.95 -0.306085139513 0.463936090469 0.305211961269 -0.12096958 -0.54758334 0.0609998703003
1635255424.15 -0.300039768219 0.68642103672 0.337060719728 -0.12096958 -0.54758334 0.773000001907
1635255424.75 -0.401667296886 0.480558812618 0.426686137915 -0.12096958 -0.54758334 0.417000055313
1635255438.53 -0.329575777054 0.511953771114 0.289994239807 -0.12096958 -0.54758334 0.496000051498
1635255440.12 -0.379612773657 0.589889526367 0.277672350407 -0.12096958 -0.54758334 1.00099992752
1635255449.65 -0.434904068708 0.466204881668 0.307004660368 -0.12096958 -0.54758334 0.405999898911
1635255449.66 -0.43921855092 0.467617541552 0.302828133106 -0.12096958 -0.54758334 0.00799989700317
1635255484.75 -0.418384343386 0.515124440193 0.290922880173 -0.12096958 -0.54758334 0.233999967575
1635255486.0 -0.446441948414 0.648432552814 0.32955300808 -0.12096958 -0.54758334 0.769999980927
1635255495.59 -0.407886177301 0.476033568382 0.280993968248 -0.12096958 -0.54758334 0.404000043869
1635255498.54 -0.417456060648 0.4903460145 0.413503974676 -0.12096958 -0.54758334 2.00300002098
1635255502.15 -0.465114891529 0.461800724268 0.34460157156 -0.12096958 -0.54758334 0.0090000629425
1635255502.72 -0.364679515362 0.509326577187 0.434140622616 -0.12096958 -0.54758334 0.567000150681
1635255511.79 -0.451498061419 0.507158219814 0.353036761284 -0.12096958 -0.54758334 0.375
1635255563.68 -0.306924015284 0.62371724844 0.342197209597 -0.044144165 0.11423104 0.659999847412
1635255571.35 -0.322721630335 0.548785924911 1.08458268642 -0.044144165 0.11423104 0.417000055313
1635255572.26 -0.256689429283 0.51693046093 1.07956814766 -0.044144165 0.11423104 0.00799989700317
1635255572.59 -0.29093003273 0.631917774677 1.09027433395 -0.044144165 0.11423104 0.316999912262
1635255572.92 -0.314789354801 0.6600035429 1.08672761917 -0.044144165 0.11423104 0.0090000629425
1635255573.42 -0.265435516834 0.517167508602 0.935269594193 -0.044144165 0.11423104 0.450000047684
1635255573.63 -0.231520459056 0.449436157942 0.967148125172 -0.044144165 0.11423104 0.029000043869
1635255574.88 -0.360965102911 0.595252275467 0.976983368397 -0.044144165 0.11423104 0.507000207901
1635255577.07 -0.263705044985 0.470568984747 1.08316421509 -0.044144165 0.11423104 0.242000102997
1635255578.47 -0.269328445196 0.69399279356 1.08508598804 -0.044144165 0.11423104 0.259000062943
1635255597.88 -0.351150751114 0.487325072289 1.06553447247 -0.044144165 0.11423104 0.114000082016
1635255600.81 -0.219430178404 0.492803752422 0.998183429241 -0.044144165 0.11423104 1.1130001545
1635255611.88 -0.356478184462 0.502774894238 0.969212114811 -0.044144165 0.11423104 0.263000011444
1635255613.05 -0.365369439125 0.644804894924 0.984207212925 -0.044144165 0.11423104 0.68700003624
1635255633.28 -0.325996041298 0.484006822109 1.08705174923 -0.044144165 0.11423104 2.15100002289
1635255675.88 -0.286334037781 0.692382752895 0.939554393291 -0.044144165 0.11423104 1.48000001907
1635255677.26 -0.217429593205 0.511067092419 1.00922501087 -0.044144165 0.11423104 1.16299986839
1635255693.38 -0.369672745466 0.496012628078 1.02150654793 -0.044144165 0.11423104 0.0090000629425
1635255693.41 -0.368579179049 0.498745203018 1.02851688862 -0.044144165 0.11423104 0.0250000953674
1635255695.12 -0.229842096567 0.475279062986 0.972760021687 -0.044144165 0.11423104 1.19199991226
1635255695.14 -0.222051128745 0.46443092823 0.971349239349 -0.044144165 0.11423104 0.0090000629425
1635255729.95 -0.356640160084 0.460065960884 0.970541477203 -0.044144165 0.11423104 0.0090000629425
1635255730.16 -0.363860756159 0.454658567905 1.04890990257 -0.044144165 0.11423104 0.0830001831055
1635255735.33 -0.360286444426 0.455152362585 0.972370743752 -0.044144165 0.11423104 0.334000110626
1635255765.79 -0.243597149849 0.686006963253 1.01273298264 0.16081414 -0.26714146 1.06299996376
1635255781.37 -0.135987877846 0.448819100857 0.692368388176 0.16081414 -0.26714146 0.426000118256
1635255785.18 -0.0395263470709 0.466531395912 0.574968338013 0.16081414 -0.26714146 0.109000205994
1635255786.86 -0.16470707953 0.488263130188 0.653853654861 0.16081414 -0.26714146 1.34699988365
1635255806.75 -0.151869252324 0.540409862995 0.5867446661 0.16081414 -0.26714146 3.44799995422
1635255812.46 -0.13588321209 0.450828820467 0.695338249207 0.16081414 -0.26714146 0.4390001297
1635255817.39 -0.0185745675117 0.446137189865 0.655055582523 0.16081414 -0.26714146 0.799000024796
1635255827.45 -0.0287926532328 0.450627088547 0.572835087776 0.16081414 -0.26714146 0.665999889374
1635255828.79 -0.107611432672 0.596906960011 0.553877353668 0.16081414 -0.26714146 0.953000068665
1635255846.17 -0.163744360209 0.511623620987 0.610121846199 0.16081414 -0.26714146 3.15599989891
1635255867.92 -0.128205597401 0.472850590944 0.563481628895 0.16081414 -0.26714146 1.92499995232
1635255880.2 -0.107307009399 0.453066468239 0.705717563629 0.16081414 -0.26714146 0.366999864578
1635255901.67 -0.146594434977 0.504225969315 0.684481739998 0.16081414 -0.26714146 0.273999929428
1635255923.05 -0.0479842536151 0.503952741623 0.569807708263 0.16081414 -0.26714146 0.158999919891
1635255927.94 -0.139253973961 0.449694871902 0.697883069515 0.16081414 -0.26714146 0.583999872208
1635255929.66 -0.0602880120277 0.676220953465 0.674350917339 -0.24268845 0.07684026 0.518999814987
1635255936.95 -0.424411565065 0.471506714821 1.01158344746 -0.24268845 0.07684026 2.05900001526
1635255944.96 -0.568906188011 0.46350350976 0.983735799789 -0.24268845 0.07684026 0.618999958038
1635255945.88 -0.554323673248 0.673194468021 0.933203935623 -0.24268845 0.07684026 0.433000087738
1635255947.27 -0.570670306683 0.624157071114 0.973463058472 -0.24268845 0.07684026 0.500999927521
1635255954.01 -0.429280072451 0.665626943111 0.93850171566 -0.24268845 0.07684026 0.618999958038
1635255955.43 -0.421845674515 0.621318757534 0.956784188747 -0.24268845 0.07684026 0.815999984741
1635255955.45 -0.417339891195 0.602115511894 0.963786542416 -0.24268845 0.07684026 0.0160000324249
1635255964.54 -0.454811781645 0.458702594042 1.04351317883 -0.24268845 0.07684026 0.288000106812
1635255964.58 -0.451381951571 0.459497451782 1.03966844082 -0.24268845 0.07684026 0.0250000953674
1635255965.52 -0.567508935928 0.533491551876 0.989469766617 -0.24268845 0.07684026 0.216999769211
1635255966.7 -0.551735460758 0.590271651745 1.02585625648 -0.24268845 0.07684026 1.1289999485
1635255973.78 -0.521486401558 0.459658801556 0.902598619461 -0.24268845 0.07684026 0.662999868393
1635255975.35 -0.525294840336 0.633805036545 0.907765746117 -0.24268845 0.07684026 0.896000146866
1635255981.65 -0.564234137535 0.457535922527 1.00670075417 -0.24268845 0.07684026 0.628000020981
1635255982.45 -0.539843857288 0.677312374115 0.918213069439 -0.24268845 0.07684026 0.533999919891
1635255983.82 -0.440657734871 0.480989038944 1.03313708305 -0.24268845 0.07684026 0.78200006485
1635255995.33 -0.532021284103 0.459787279367 0.909883320332 -0.24268845 0.07684026 0.379999876022
1635256006.74 -0.469687908888 0.660015046597 0.905362188816 -0.24268845 0.07684026 0.836999893188
1635256011.17 -0.433970719576 0.517544746399 1.02509152889 -0.24268845 0.07684026 1.27100014687
1635256019.82 -0.441464811563 0.50206643343 0.918441951275 -0.24268845 0.07684026 0.178999900818
1635256022.32 -0.522167384624 0.458790004253 1.04677414894 -0.24268845 0.07684026 1.53900003433
1635256040.9 -0.461242377758 0.481516897678 0.908381044865 -0.24268845 0.07684026 0.575999975204
1635256060.59 -0.562724292278 0.461576282978 0.947750151157 -0.24268845 0.07684026 0.184000015259
1635256093.99 -0.52527487278 0.458700031042 1.04723572731 -0.24268845 0.07684026 0.588000059128
1635256095.22 -0.534897685051 0.666887879372 1.00331425667 0.14708973 0.18036117 0.517999887466
1635256097.19 -0.164041295648 0.460014253855 1.13855040073 0.14708973 0.18036117 0.0139999389648
1635256098.2 -0.0265313498676 0.446989893913 1.11165475845 0.14708973 0.18036117 0.993999958038
1635256101.99 -0.12435978651 0.684251010418 1.00764644146 0.14708973 0.18036117 0.554999828339
1635256102.57 -0.177366778255 0.514600038528 1.06734681129 0.14708973 0.18036117 0.175999879837
1635256110.1 -0.124618932605 0.659638881683 1.00762653351 0.14708973 0.18036117 0.549999952316
1635256113.19 -0.0512644313276 0.631666839123 1.13476109505 0.14708973 0.18036117 0.18499994278
1635256113.94 -0.106874682009 0.68447726965 1.15533387661 0.14708973 0.18036117 0.410000085831
1635256115.18 -0.0477480255067 0.646941184998 1.1324160099 0.14708973 0.18036117 0.891999959946
1635256121.76 -0.177554711699 0.623909473419 1.06587183475 0.14708973 0.18036117 0.384000062943
1635256124.15 -0.0418052859604 0.484897732735 1.12635612488 0.14708973 0.18036117 0.615000009537
1635256124.75 -0.046895198524 0.60990357399 1.12931501865 0.14708973 0.18036117 0.208999872208
1635256126.96 -0.151321083307 0.470019429922 1.01854586601 0.14708973 0.18036117 0.434000015259
1635256129.47 -0.0290992315859 0.510346472263 1.10580849648 0.14708973 0.18036117 0.93700003624
1635256133.96 -0.0918384641409 0.450756132603 1.15470969677 0.14708973 0.18036117 0.828999996185
1635256135.48 -0.16590577364 0.600442171097 1.12424695492 0.14708973 0.18036117 0.601000070572
1635256156.77 -0.159759685397 0.65875440836 1.02962291241 0.14708973 0.18036117 0.730000019073
1635256172.47 -0.0849139615893 0.502189040184 1.15521550179 0.14708973 0.18036117 0.52999997139
1635256174.0 -0.0326253995299 0.614665448666 1.11092245579 0.14708973 0.18036117 0.892999887466
1635256208.49 -0.173326745629 0.577802956104 1.05068516731 0.14708973 0.18036117 0.00799989700317
1635256208.51 -0.170533955097 0.568483948708 1.04628252983 0.14708973 0.18036117 0.00899982452393
1635256208.59 -0.164879709482 0.519781351089 1.03598880768 0.14708973 0.18036117 0.0750000476837
1635256215.57 -0.158956930041 0.50734859705 1.13253843784 0.14708973 0.18036117 0.289000034332
1635256216.49 -0.141834542155 0.681957185268 1.11690187454 -0.2669701 0.4785177 0.516999959946
1635256229.36 -0.541363596916 0.464709162712 1.44998037815 -0.2669701 0.4785177 0.425999879837
1635256230.1 -0.462844967842 0.460873365402 1.43274056911 -0.2669701 0.4785177 0.304000139236
1635256232.05 -0.487573206425 0.624397456646 1.45053076744 -0.2669701 0.4785177 1.33800005913
1635256240.26 -0.591703653336 0.626075267792 1.38221585751 -0.2669701 0.4785177 0.954999923706
1635256241.27 -0.589993238449 0.649546265602 1.39563989639 -0.2669701 0.4785177 0.672999858856
1635256242.28 -0.570145785809 0.482339203358 1.32377994061 -0.2669701 0.4785177 0.0920000076294
1635256279.84 -0.542794823647 0.460814416409 1.30683112144 -0.2669701 0.4785177 0.43700003624
1635256303.25 -0.524767875671 0.4634514153 1.29843962193 -0.2669701 0.4785177 1.98400020599
1635256322.49 -0.587663114071 0.51902025938 1.35382556915 -0.2669701 0.4785177 1.28900003433
1635256322.68 -0.591025471687 0.591311514378 1.36760437489 -0.2669701 0.4785177 0.0840001106262
1635256323.92 -0.583708941936 0.648911237717 1.34388577938 -0.2669701 0.4785177 0.853999853134
1635256335.42 -0.509280979633 0.508877336979 1.4543800354 -0.2669701 0.4785177 0.514000177383
1635256336.57 -0.487312763929 0.600970029831 1.44879746437 -0.2669701 0.4785177 1.05500006676
1635256385.17 -0.537072956562 0.486469358206 1.30677294731 -0.2669701 0.4785177 0.349999904633
1635256397.84 -0.512218952179 0.579205870628 1.30354428291 -0.2669701 0.4785177 0.320999860764
1635256400.59 -0.440527796745 0.478722244501 1.3821516037 -0.2669701 0.4785177 0.320000171661
1635256401.78 -0.46889719367 0.683180212975 1.42556786537 0.25495195 0.09671285 0.509999990463
1635256407.8 0.0194459669292 0.493103682995 1.12035763264 0.25495195 0.09671285 0.775000095367
1635256409.15 0.0369191095233 0.448843628168 1.06363105774 0.25495195 0.09671285 0.243000030518
1635256411.67 -0.00490261055529 0.484181284904 0.918984115124 0.25495195 0.09671285 1.48399996758
1635256421.77 0.028011713177 0.486478716135 1.06846427917 0.25495195 0.09671285 0.391000032425
1635256423.47 0.0380279272795 0.630418121815 1.06353282928 0.25495195 0.09671285 0.830000162125
1635256438.85 -0.059823539108 0.494249790907 0.947162985802 0.25495195 0.09671285 1.62299990654
1635256449.62 0.0439775027335 0.455027371645 1.06133532524 0.25495195 0.09671285 0.486999988556
1635256451.55 -0.0598100982606 0.678705751896 1.03497374058 0.25495195 0.09671285 0.46799993515
1635256451.72 -0.0575132966042 0.679495334625 1.03889405727 0.25495195 0.09671285 0.158999919891
1635256452.38 -0.0534656457603 0.668777763844 1.0440659523 0.25495195 0.09671285 0.391999959946
1635256453.84 -0.070345275104 0.659408807755 1.0125361681 0.25495195 0.09671285 0.852999925613
1635256463.62 0.0808157622814 0.576126158237 0.996148824692 0.25495195 0.09671285 1.54200005531
1635256499.22 -0.0646532773972 0.450107336044 1.02853357792 0.25495195 0.09671285 0.442999839783
1635256532.03 -0.0165100544691 0.649802863598 1.05907940865 -0.10899816 -0.36536857 1.04699993134
1635256537.18 -0.344043046236 0.460626870394 0.460022032261 -0.10899816 -0.36536857 0.279000043869
1635256537.83 -0.435671240091 0.532291054726 0.523847103119 -0.10899816 -0.36536857 0.0920000076294
1635256538.77 -0.435702800751 0.677705824375 0.542735993862 -0.10899816 -0.36536857 0.426000118256
1635256539.47 -0.432338327169 0.69008898735 0.559133052826 -0.10899816 -0.36536857 0.376000165939
1635256540.36 -0.420291244984 0.665766358376 0.486692845821 -0.10899816 -0.36536857 0.604999780655
1635256553.68 -0.328861147165 0.715535521507 0.604876995087 -0.10899816 -0.36536857 1.89199995995
1635256568.61 -0.436463743448 0.565692067146 0.540603816509 -0.10899816 -0.36536857 3.625
1635256575.94 -0.331111192703 0.458271771669 0.463913947344 -0.10899816 -0.36536857 0.30999994278
1635256578.99 -0.348078519106 0.669798791409 0.471158355474 0.18513452 0.5792977 2.73000001907
1635256585.32 -0.0793982744217 0.492936730385 1.55266571045 0.18513452 0.5792977 0.522000074387
1635256587.51 -0.0705625712872 0.530131459236 1.55434501171 0.18513452 0.5792977 1.85300016403
1635256604.46 -0.0547674745321 0.496746271849 1.59936094284 0.18513452 0.5792977 0.59500002861
1635256605.58 0.0109566487372 0.618303120136 1.46957874298 0.18513452 0.5792977 0.549999952316
1635256606.14 0.0100125819445 0.650186479092 1.46638572216 0.18513452 0.5792977 0.276000022888
1635256619.38 -0.0264515373856 0.582999706268 1.54400467873 0.18513452 0.5792977 0.81200003624
1635256621.11 -0.00900313258171 0.66755259037 1.52997481823 0.18513452 0.5792977 0.595999956131
1635256631.39 -0.0850603654981 0.458567172289 1.55096793175 0.18513452 0.5792977 0.489000082016
1635256633.19 0.0116585511714 0.545721232891 1.49254143238 0.18513452 0.5792977 0.317000150681
1635256635.05 0.0116738360375 0.629283189774 1.49070477486 0.18513452 0.5792977 1.41600012779
