1635254995.34 -0.413108348846 0.693627715111 0.41747841239 -0.17744917 -0.52422565
1635255025.14 -0.430167883635 0.674267172813 0.320587366819 -0.17744917 -0.52422565
1635255035.51 -0.447905212641 0.651618242264 0.425759136677 -0.17744917 -0.52422565
1635255076.87 -0.464064061642 0.676018536091 0.334187716246 -0.17744917 -0.52422565
1635255110.32 -0.40297973156 0.681691467762 0.353028535843 -0.17744917 -0.52422565
1635255184.39 -0.378180086613 0.676676213741 0.366491705179 -0.17744917 -0.52422565
1635255201.72 -0.0313370153308 0.649447798729 0.724999606609 0.21858792 -0.23331837
1635255215.39 -0.0803707167506 0.640826761723 0.664548158646 0.21858792 -0.23331837
1635255277.48 -0.0466908290982 0.653525590897 0.672250032425 0.21858792 -0.23331837
1635255312.24 0.0278253201395 0.688337564468 0.648901998997 0.21858792 -0.23331837
1635255320.7 -0.028925685212 0.632405638695 0.734531402588 0.21858792 -0.23331837
1635255383.28 -0.0409325100482 0.667333900928 0.622574806213 0.21858792 -0.23331837
1635255396.48 -0.340690940619 0.685682654381 0.410740196705 -0.12096958 -0.54758334
1635255423.99 -0.32690128684 0.664964973927 0.336078435183 -0.12096958 -0.54758334
1635255439.62 -0.33876863122 0.659417927265 0.307784885168 -0.12096958 -0.54758334
1635255485.78 -0.433640778065 0.659401834011 0.333442151546 -0.12096958 -0.54758334
1635255497.05 -0.411661505699 0.676500439644 0.299017220736 -0.12096958 -0.54758334
1635255563.68 -0.306962788105 0.623711884022 0.342176407576 -0.12096958 -0.54758334
1635255600.2 -0.278610795736 0.675733447075 1.07254898548 -0.044144165 0.11423104
1635255612.87 -0.337540596724 0.681993484497 0.976779341698 -0.044144165 0.11423104
1635255632.64 -0.292819559574 0.687339425087 0.991536915302 -0.044144165 0.11423104
1635255676.6 -0.276333868504 0.683758497238 0.96395611763 -0.044144165 0.11423104
1635255694.57 -0.32604432106 0.661731123924 1.01012587547 -0.044144165 0.11423104
1635255765.78 -0.243400096893 0.683796525002 1.0133395195 -0.044144165 0.11423104
1635255786.18 -0.0761534720659 0.679328799248 0.595436394215 0.16081414 -0.26714146
1635255804.81 -0.0982073545456 0.669591665268 0.64497256279 0.16081414 -0.26714146
1635255828.42 -0.0949409902096 0.66804921627 0.603403031826 0.16081414 -0.26714146
1635255844.52 -0.0681013464928 0.56133890152 0.630403161049 0.16081414 -0.26714146
1635255867.24 -0.0372517965734 0.638946771622 0.612536489964 0.16081414 -0.26714146
1635255929.65 -0.0595705062151 0.675744116306 0.674343764782 0.16081414 -0.26714146
1635255936.16 -0.496030956507 0.680806219578 0.917709767818 -0.24268845 0.07684026
1635255955.12 -0.429353028536 0.658287465572 0.941460132599 -0.24268845 0.07684026
1635255966.27 -0.511397898197 0.677268564701 0.991167783737 -0.24268845 0.07684026
1635255974.95 -0.505888938904 0.679267466068 0.923008322716 -0.24268845 0.07684026
1635256021.28 -0.468751221895 0.652359187603 0.918372988701 -0.24268845 0.07684026
1635256095.21 -0.534165561199 0.666365981102 1.00341022015 -0.24268845 0.07684026
1635256101.94 -0.125278398395 0.684520184994 1.01091396809 0.14708973 0.18036117
1635256114.81 -0.0918558090925 0.685414254665 1.12887942791 0.14708973 0.18036117
1635256129.04 -0.111965611577 0.68629950285 1.11791968346 0.14708973 0.18036117
1635256156.69 -0.152562975883 0.648485422134 1.03700995445 0.14708973 0.18036117
1635256173.62 -0.0728224515915 0.685977399349 1.12565004826 0.14708973 0.18036117
1635256216.48 -0.141866236925 0.682105481625 1.11722385883 0.14708973 0.18036117
1635256231.22 -0.516338288784 0.697405457497 1.40558767319 -0.2669701 0.4785177
1635256241.1 -0.545605897903 0.682014524937 1.38449752331 -0.2669701 0.4785177
1635256302.61 -0.511135756969 0.661042332649 1.39835083485 -0.2669701 0.4785177
1635256323.58 -0.550263226032 0.70081949234 1.39470851421 -0.2669701 0.4785177
1635256336.16 -0.46451830864 0.691114127636 1.40958821774 -0.2669701 0.4785177
1635256401.77 -0.46889719367 0.683180212975 1.42556786537 -0.2669701 0.4785177
1635256410.89 0.0353236794472 0.667299389839 1.00788772106 0.25495195 0.09671285
1635256423.14 0.00682386569679 0.679272532463 1.05056273937 0.25495195 0.09671285
1635256438.27 -0.0207645334303 0.624462842941 1.05786466599 0.25495195 0.09671285
1635256453.5 -0.0480289757252 0.697551488876 0.984005630016 0.25495195 0.09671285
1635256463.58 0.0751403048635 0.586715817451 0.996706068516 0.25495195 0.09671285
1635256532.02 -0.0182815603912 0.647393584251 1.05843627453 0.25495195 0.09671285
1635256540.26 -0.431054532528 0.690163552761 0.523941159248 -0.10899816 -0.36536857
1635256552.94 -0.332794845104 0.684467077255 0.566218018532 -0.10899816 -0.36536857
1635256566.41 -0.349809318781 0.642160475254 0.541209995747 -0.10899816 -0.36536857
1635256568.42 -0.389640539885 0.657347142696 0.536403179169 -0.10899816 -0.36536857
1635256576.97 -0.361405134201 0.657574832439 0.488074064255 -0.10899816 -0.36536857
1635256578.98 -0.348692417145 0.668893575668 0.470820754766 -0.10899816 -0.36536857
1635256586.17 -0.0749047398567 0.676961064339 1.54210174084 0.18513452 0.5792977
1635256605.53 0.00415447819978 0.632016599178 1.4710650444 0.18513452 0.5792977
1635256621.01 -0.04058419168 0.683843553066 1.53370738029 0.18513452 0.5792977
1635256634.14 -0.00258010067046 0.695919752121 1.48429584503 0.18513452 0.5792977
