1634905545.54 -0.488817721605 0.46423766017 0.427673012018 -0.17744917 -0.52422565 0.896999835968
1634905559.14 -0.375773966312 0.468132793903 0.433520168066 -0.17744917 -0.52422565 0.0869998931885
1634905559.38 -0.392223089933 0.56371819973 0.441712141037 -0.17744917 -0.52422565 0.233000040054
1634905603.01 -0.481142550707 0.464194267988 0.31871560216 -0.17744917 -0.52422565 0.52999997139
1634905613.3 -0.4452906847 0.512061059475 0.450947076082 -0.17744917 -0.52422565 0.237999916077
1634905682.85 -0.416838020086 0.538310229778 0.419254809618 -0.17744917 -0.52422565 0.00999999046326
1634905683.55 -0.389723181725 0.537771224976 0.311558455229 -0.17744917 -0.52422565 0.444999933243
1634905685.19 -0.39969471097 0.626691162586 0.307787150145 -0.17744917 -0.52422565 0.863999843597
1634905696.18 -0.354849368334 0.658413052559 0.372675508261 -0.17744917 -0.52422565 0.585999965668
1634905697.35 -0.507125735283 0.4647128582 0.392545163631 -0.17744917 -0.52422565 0.581000089645
1634905720.1 -0.459470629692 0.672681748867 0.446918874979 -0.17744917 -0.52422565 0.263999938965
1634905721.72 -0.446610152721 0.667750597 0.449987947941 -0.17744917 -0.52422565 0.366999864578
1634905726.54 -0.360769927502 0.704197585583 0.348516076803 -0.17744917 -0.52422565 0.245000123978
1634905728.49 -0.413040667772 0.485111534595 0.452389866114 -0.17744917 -0.52422565 0.22000002861
1634905731.7 -0.502348005772 0.68529099226 0.353484600782 -0.17744917 -0.52422565 0.65299987793
1634905752.85 -0.466002732515 0.506564795971 0.309392720461 -0.17744917 -0.52422565 0.380000114441
1634905767.88 -0.37586209178 0.574465632439 0.428757846355 -0.17744917 -0.52422565 0.584000110626
1634905767.91 -0.379380196333 0.58774214983 0.432259649038 -0.17744917 -0.52422565 0.0169999599457
1634905769.26 -0.502278208733 0.477570205927 0.398387461901 -0.17744917 -0.52422565 0.118000030518
1634905770.94 -0.507794082165 0.649648785591 0.364764153957 -0.17744917 -0.52422565 0.825000047684
1634905786.68 -0.358383208513 0.524890422821 0.399906992912 -0.17744917 -0.52422565 0.180000066757
1634905794.55 -0.383862614632 0.479655891657 0.441014319658 -0.17744917 -0.52422565 1.79200005531
1634905813.2 -0.358989447355 0.528901100159 0.401729285717 -0.17744917 -0.52422565 0.201000213623
1634905814.84 -0.363259583712 0.650414466858 0.410822957754 -0.17744917 -0.52422565 0.0920000076294
1634905816.32 -0.424100190401 0.472068607807 0.300251662731 -0.17744917 -0.52422565 0.445000171661
1634905835.07 -0.355975955725 0.53378367424 0.364128679037 -0.17744917 -0.52422565 0.34299993515
1634905836.65 -0.466130793095 0.47662088275 0.309271633625 -0.17744917 -0.52422565 1.49799990654
1634905870.73 -0.381308823824 0.499909758568 0.316782206297 -0.17744917 -0.52422565 0.15099978447
1634905873.12 -0.384183347225 0.70368462801 0.355790644884 -0.31320405 0.65003985 0.515000104904
1634905878.09 -0.580516517162 0.563784241676 1.47852003574 -0.31320405 0.65003985 0.711999893188
1634905879.32 -0.556877851486 0.672480344772 1.47628581524 -0.31320405 0.65003985 0.375999927521
1634905886.2 -0.486431270838 0.6628921628 1.54014444351 -0.31320405 0.65003985 0.207000017166
1634905886.99 -0.504714429379 0.672725319862 1.50284981728 -0.31320405 0.65003985 0.116999864578
1634905909.48 -0.619759380817 0.636283218861 1.50271677971 -0.31320405 0.65003985 0.822000026703
1634905910.05 -0.593657851219 0.675187528133 1.48289418221 -0.31320405 0.65003985 0.249000072479
1634905911.21 -0.559206962585 0.535623073578 1.71999084949 -0.31320405 0.65003985 0.654000043869
1634905919.12 -0.57955300808 0.580205321312 1.6269774437 -0.31320405 0.65003985 0.317000150681
1634905920.08 -0.614435791969 0.646238565445 1.60534620285 -0.31320405 0.65003985 0.276000022888
1634905921.36 -0.515409648418 0.685413658619 1.61327934265 -0.31320405 0.65003985 1.03799986839
1634905935.95 -0.55834954977 0.463281482458 1.47465085983 -0.31320405 0.65003985 0.34500002861
1634905956.17 -0.491327822208 0.647071778774 1.52532291412 -0.31320405 0.65003985 0.308000087738
1634905959.31 -0.520032405853 0.49765086174 1.61646091938 -0.31320405 0.65003985 0.463000059128
1634905966.9 -0.49667480588 0.469914704561 1.51142418385 -0.31320405 0.65003985 1.39499998093
1634905989.79 -0.487878590822 0.475724041462 1.5656119585 -0.31320405 0.65003985 2.0
1634905998.99 -0.487577944994 0.681380033493 1.56708157063 -0.31320405 0.65003985 1.20300006866
1634905999.99 -0.630802869797 0.659251570702 1.52034628391 -0.31320405 0.65003985 0.516999959946
1634906000.95 -0.571639418602 0.588734149933 1.62785863876 -0.31320405 0.65003985 0.78400015831
1634906067.24 -0.517405152321 0.457596600056 1.61217403412 -0.31320405 0.65003985 0.280000209808
1634906070.61 -0.541477322578 0.480648458004 1.47628867626 -0.31320405 0.65003985 1.40399980545
1634906086.01 -0.539539515972 0.517449080944 1.62794041634 -0.31320405 0.65003985 0.461999893188
1634906087.19 -0.509838461876 0.690376758575 1.57982838154 -0.20664524 -0.3533877 0.576000213623
1634906096.09 -0.380660533905 0.506463825703 0.503235340118 -0.20664524 -0.3533877 1.3140001297
1634906098.25 -0.497826397419 0.627064526081 0.483478486538 -0.20664524 -0.3533877 0.992000102997
1634906128.7 -0.520741283894 0.472279787064 0.504083633423 -0.20664524 -0.3533877 1.35100007057
1634906142.82 -0.515406727791 0.547742366791 0.408780634403 -0.20664524 -0.3533877 1.27200007439
1634906149.7 -0.465601176023 0.489318311214 0.6265822649 -0.20664524 -0.3533877 1.39299988747
1634906163.87 -0.44224306941 0.574386298656 0.620986640453 -0.20664524 -0.3533877 0.0750000476837
1634906164.66 -0.394690185785 0.461031854153 0.5069835186 -0.20664524 -0.3533877 0.303000211716
1634906176.8 -0.521936118603 0.521096944809 0.504460513592 -0.20664524 -0.3533877 0.117000102997
1634906178.07 -0.512994766235 0.674801290035 0.494492173195 -0.20664524 -0.3533877 0.786999940872
1634906189.0 -0.504504442215 0.67553371191 0.607399582863 -0.20664524 -0.3533877 0.358000040054
1634906195.35 -0.50304877758 0.491462409496 0.60896140337 -0.20664524 -0.3533877 0.141000032425
1634906225.51 -0.535007059574 0.494285881519 0.548480093479 -0.20664524 -0.3533877 0.81200003624
1634906228.02 -0.456892699003 0.631293058395 0.626885950565 -0.20664524 -0.3533877 1.92899990082
1634906252.0 -0.525156795979 0.491808325052 0.509210944176 -0.20664524 -0.3533877 0.0910000801086
1634906291.12 -0.499062955379 0.6433416605 0.497524410486 -0.3201549 0.54277885 1.11900019646
1634906305.88 -0.562013328075 0.543191850185 1.52086484432 -0.3201549 0.54277885 3.4470000267
1634906308.82 -0.545049905777 0.460132747889 1.3725297451 -0.3201549 0.54277885 0.501999855042
1634906322.25 -0.596731007099 0.673522412777 1.37418067455 -0.3201549 0.54277885 0.0390000343323
1634906323.19 -0.62042504549 0.70336407423 1.38835632801 -0.3201549 0.54277885 0.25
1634906324.07 -0.554240107536 0.682659089565 1.36975240707 -0.3201549 0.54277885 0.563999891281
1634906333.8 -0.516036272049 0.472093552351 1.51889359951 -0.3201549 0.54277885 0.287999868393
1634906344.01 -0.511004328728 0.474714070559 1.49268341064 -0.3201549 0.54277885 1.86800003052
1634906364.06 -0.632727861404 0.646001636982 1.40280294418 -0.3201549 0.54277885 0.829999923706
1634906365.02 -0.635577261448 0.695768237114 1.40879833698 -0.3201549 0.54277885 0.516999959946
1634906366.2 -0.607466042042 0.590995073318 1.37646949291 -0.3201549 0.54277885 0.717000007629
1634906386.01 -0.522150933743 0.487208366394 1.50259411335 -0.3201549 0.54277885 0.237999916077
1634906387.17 -0.600327789783 0.614924967289 1.51278460026 -0.3201549 0.54277885 0.0510001182556
1634906387.19 -0.604834139347 0.614653885365 1.51051020622 -0.3201549 0.54277885 0.0090000629425
1634906387.97 -0.613653302193 0.704935371876 1.50602650642 -0.3201549 0.54277885 0.366999864578
1634906389.48 -0.614401102066 0.5922935009 1.38396441936 -0.3201549 0.54277885 0.745000123978
1634906469.08 -0.518032610416 0.66243571043 1.46878945827 0.18476717 0.21085627 1.33000016212
1634906476.44 -0.0940708518028 0.635817289352 1.04066240788 0.18476717 0.21085627 1.71799993515
1634906480.78 -0.131130680442 0.450818896294 1.14964711666 0.18476717 0.21085627 0.200000047684
1634906483.09 -0.0245806667954 0.457177042961 1.04674994946 0.18476717 0.21085627 1.34999990463
1634906493.96 -0.130859389901 0.452977210283 1.15199041367 0.18476717 0.21085627 0.302000045776
1634906513.24 -0.0506982132792 0.480280607939 1.03679513931 0.18476717 0.21085627 4.19599986076
1634906542.01 -0.0802014172077 0.527764379978 1.18466818333 0.18476717 0.21085627 0.40499997139
1634906551.09 0.00991046242416 0.594162464142 1.10380172729 0.18476717 0.21085627 1.01399993896
1634906568.49 -0.0102372905239 0.453120023012 1.05071520805 0.18476717 0.21085627 0.269999980927
1634906572.53 -0.0171266477555 0.653994202614 1.16802334785 0.18476717 0.21085627 0.720999956131
1634906636.46 -0.00242825807072 0.467151403427 1.06836593151 0.18476717 0.21085627 0.0429999828339
1634906646.05 -0.0476402528584 0.636971592903 1.13111877441 0.12520054 -0.46347684 1.09700012207
1634906663.91 -0.0850652232766 0.45761346817 0.245170921087 0.12520054 -0.46347684 1.95900011063
1634906682.79 -0.0516080595553 0.603964626789 0.439986586571 0.12520054 -0.46347684 0.259000062943
1634906684.1 -0.199016526341 0.45990934968 0.412129759789 0.12520054 -0.46347684 0.543999910355
1634906704.83 -0.150665089488 0.455548197031 0.364848077297 0.12520054 -0.46347684 0.546000003815
1634906711.1 -0.144577383995 0.67328697443 0.509644508362 0.12520054 -0.46347684 1.26300001144
1634906722.95 -0.129966720939 0.456588596106 0.361336678267 0.12520054 -0.46347684 1.40900015831
1634906743.7 -0.193743944168 0.628438830376 0.472212910652 0.12520054 -0.46347684 0.401000022888
1634906783.85 -0.122217088938 0.453778207302 0.513698816299 0.12520054 -0.46347684 0.269999980927
1634906785.4 -0.142277404666 0.660927653313 0.510074317455 0.12520054 -0.46347684 0.822000026703
1634906821.98 -0.190772145987 0.682957112789 0.477082073689 0.12520054 -0.46347684 1.55999994278
1634906822.81 -0.0377224236727 0.45024818182 0.400169581175 0.12520054 -0.46347684 0.768000125885
1634906843.23 -0.114262387156 0.450934946537 0.512575447559 0.12520054 -0.46347684 0.492000102997
1634906934.63 -0.120352700353 0.624139964581 0.49788236618 -0.22327137 -0.10184035 1.02200007439
1634906941.76 -0.474415689707 0.669036149979 0.723568677902 -0.22327137 -0.10184035 0.680000066757
1634906944.49 -0.446634620428 0.458448648453 0.869410991669 -0.22327137 -0.10184035 0.654000043869
1634906962.57 -0.419279456139 0.464890658855 0.7479839921 -0.22327137 -0.10184035 1.03399991989
1634906964.94 -0.458264410496 0.466110169888 0.876101672649 -0.22327137 -0.10184035 0.81200003624
1634906969.4 -0.548561394215 0.537445068359 0.77340811491 -0.22327137 -0.10184035 0.796999931335
1634906969.89 -0.540034651756 0.464150041342 0.758549571037 -0.22327137 -0.10184035 0.475999832153
1634906987.5 -0.41674503684 0.605732381344 0.751551866531 -0.22327137 -0.10184035 0.385999917984
1634906987.85 -0.410600781441 0.655744433403 0.760015070438 -0.22327137 -0.10184035 0.00899982452393
1634906988.7 -0.47402331233 0.471768260002 0.721136569977 -0.22327137 -0.10184035 0.838999986649
1634906996.06 -0.457338094711 0.455714911222 0.702700614929 -0.22327137 -0.10184035 0.0629999637604
1634907005.62 -0.527769207954 0.510049819946 0.853101849556 -0.22327137 -0.10184035 0.289000034332
1634907006.3 -0.548980176449 0.640947282314 0.785987913609 -0.22327137 -0.10184035 0.150000095367
1634907007.91 -0.54936426878 0.657209157944 0.79029917717 -0.22327137 -0.10184035 0.828999996185
1634907009.6 -0.438467919827 0.460791617632 0.870561957359 -0.22327137 -0.10184035 1.07099986076
1634907013.82 -0.423679620028 0.481960147619 0.743735790253 -0.22327137 -0.10184035 0.979000091553
1634907013.83 -0.426169753075 0.491041600704 0.742023229599 -0.22327137 -0.10184035 0.00800013542175
1634907015.8 -0.550679564476 0.580729007721 0.803311467171 -0.22327137 -0.10184035 1.94900012016
1634907016.17 -0.53779900074 0.464969068766 0.719761312008 -0.22327137 -0.10184035 0.31299996376
1634907025.07 -0.479000717402 0.461057424545 0.877145767212 -0.22327137 -0.10184035 0.572000026703
1634907036.3 -0.541665673256 0.491678655148 0.763974368572 -0.22327137 -0.10184035 0.419000148773
1634907038.01 -0.529359221458 0.683669507504 0.747427940369 -0.22327137 -0.10184035 0.634999990463
1634907044.0 -0.413041770458 0.478131324053 0.749719798565 -0.22327137 -0.10184035 0.258000135422
1634907087.04 -0.405934363604 0.457795530558 0.832405507565 -0.22327137 -0.10184035 0.200999975204
1634907108.15 -0.502219796181 0.460000902414 0.764217197895 -0.045823433 -0.49686676 1.50900006294
1634907118.52 -0.28970438242 0.460715651512 0.3280351758 -0.045823433 -0.49686676 0.729000091553
1634907124.43 -0.268854618073 0.465604484081 0.48117813468 -0.045823433 -0.49686676 0.058000087738
1634907127.35 -0.224463924766 0.50991243124 0.383871018887 -0.045823433 -0.49686676 0.740000009537
1634907138.5 -0.218644157052 0.453785568476 0.391719073057 -0.045823433 -0.49686676 0.68799996376
1634907139.95 -0.226691365242 0.635553061962 0.381213933229 -0.045823433 -0.49686676 0.732000112534
1634907162.75 -0.329918801785 0.519283115864 0.335065692663 -0.045823433 -0.49686676 0.322000026703
1634907162.82 -0.324963599443 0.525181233883 0.333409190178 -0.045823433 -0.49686676 0.0329999923706
1634907163.23 -0.254673063755 0.45736682415 0.335922241211 -0.045823433 -0.49686676 0.401999950409
1634907164.67 -0.201251834631 0.481851607561 0.349647194147 -0.045823433 -0.49686676 1.19199991226
1634907188.48 -0.229731976986 0.531614661217 0.37243360281 -0.045823433 -0.49686676 0.178000211716
1634907189.91 -0.360251992941 0.463363587856 0.449501603842 -0.045823433 -0.49686676 1.31399989128
1634907202.76 -0.30915081501 0.507073938847 0.478221476078 -0.045823433 -0.49686676 1.65000009537
1634907276.49 -0.255414694548 0.519856989384 0.341973096132 -0.045823433 -0.49686676 0.338000059128
1634907277.18 -0.229889377952 0.686573028564 0.37338155508 -0.045823433 -0.49686676 0.117000102997
1634907277.59 -0.226362854242 0.681958198547 0.383194684982 -0.045823433 -0.49686676 0.0590000152588
1634907277.82 -0.226469770074 0.680234193802 0.382666200399 -0.045823433 -0.49686676 0.208000183105
1634907277.88 -0.226797103882 0.679870724678 0.381468385458 -0.045823433 -0.49686676 0.0090000629425
1634907278.42 -0.252189010382 0.649406731129 0.348366171122 0.16810198 0.42459446 0.509999990463
1634907292.41 -0.00564556615427 0.504332780838 1.32262265682 0.16810198 0.42459446 0.179000139236
1634907293.16 -0.00841448828578 0.67238599062 1.34204125404 0.16810198 0.42459446 0.125
1634907294.04 -0.00927120819688 0.687521755695 1.34516215324 0.16810198 0.42459446 0.258000135422
1634907294.21 -0.0158572755754 0.708853125572 1.3607288599 0.16810198 0.42459446 0.0429999828339
1634907296.03 -0.0607001520693 0.49069032073 1.25193369389 0.16810198 0.42459446 1.02099990845
1634907307.47 -0.098779052496 0.455121666193 1.40053594112 0.16810198 0.42459446 1.38000011444
1634907310.64 -0.116804718971 0.62848430872 1.25678348541 0.16810198 0.42459446 1.04699993134
1634907310.96 -0.0956078767776 0.480793863535 1.2496253252 0.16810198 0.42459446 0.241999864578
1634907328.15 -0.13979896903 0.497686445713 1.37933242321 0.16810198 0.42459446 1.93400001526
1634907335.01 -0.0297166146338 0.450900733471 1.26984488964 0.16810198 0.42459446 1.13700008392
1634907342.5 -0.0905858427286 0.532268762589 1.24987137318 0.16810198 0.42459446 0.31500005722
1634907342.64 -0.0975265949965 0.567882359028 1.2509855032 0.16810198 0.42459446 0.125999927521
1634907344.92 -0.152975037694 0.688908576965 1.29879462719 0.16810198 0.42459446 0.703999996185
1634907364.79 -0.00646356958896 0.606546759605 1.32486009598 0.16810198 0.42459446 1.55900001526
1634907371.24 -0.00282942922786 0.457834422588 1.32258009911 0.16810198 0.42459446 0.259000062943
