1634905684.98 -0.364992201328 0.682718992233 0.348975867033 -0.17744917 -0.52422565
1634905731.56 -0.495823919773 0.68882972002 0.351052880287 -0.17744917 -0.52422565
1634905770.62 -0.45001333952 0.697299957275 0.368936687708 -0.17744917 -0.52422565
1634905793.9 -0.456522136927 0.69667840004 0.378015041351 -0.17744917 -0.52422565
1634905835.87 -0.368547558784 0.643537342548 0.397977471352 -0.17744917 -0.52422565
1634905873.11 -0.383092015982 0.704090178013 0.357990801334 -0.17744917 -0.52422565
1634905920.83 -0.513265311718 0.704253733158 1.60243701935 -0.31320405 0.65003985
1634905966.03 -0.598584115505 0.621699810028 1.5718460083 -0.31320405 0.65003985
1634905989.3 -0.528446614742 0.46913293004 1.59359562397 -0.31320405 0.65003985
1634905999.98 -0.627984464169 0.65482199192 1.5211224556 -0.31320405 0.65003985
1634906069.72 -0.604596912861 0.663503289223 1.59680104256 -0.31320405 0.65003985
1634906087.18 -0.509234547615 0.689482271671 1.58022260666 -0.31320405 0.65003985
1634906097.82 -0.475928932428 0.678224027157 0.503735542297 -0.20664524 -0.3533877
1634906128.3 -0.463815301657 0.649757087231 0.594791293144 -0.20664524 -0.3533877
1634906149.31 -0.456108063459 0.630448937416 0.542888224125 -0.20664524 -0.3533877
1634906177.78 -0.50290375948 0.698063015938 0.514642357826 -0.20664524 -0.3533877
1634906226.59 -0.511393904686 0.678102433681 0.560080885887 -0.20664524 -0.3533877
1634906291.11 -0.496992081404 0.641013741493 0.498368859291 -0.20664524 -0.3533877
1634906303.65 -0.523656010628 0.684232592583 1.45908427238 -0.3201549 0.54277885
1634906324.01 -0.576175391674 0.69324028492 1.37724924088 -0.3201549 0.54277885
1634906343.21 -0.535016715527 0.678069889545 1.43464100361 -0.3201549 0.54277885
1634906365.01 -0.635577261448 0.695768237114 1.40879833698 -0.3201549 0.54277885
1634906389.25 -0.592262983322 0.631396949291 1.43136548996 -0.3201549 0.54277885
1634906469.07 -0.518178641796 0.66247600317 1.46883118153 -0.3201549 0.54277885
1634906476.23 -0.0891932547092 0.617458760738 1.05133676529 0.18476717 0.21085627
1634906482.31 -0.116362810135 0.701519072056 1.13524699211 0.18476717 0.21085627
1634906510.55 -0.0374298542738 0.640486836433 1.13757669926 0.18476717 0.21085627
1634906512.56 -0.0801452845335 0.666824877262 1.15814232826 0.18476717 0.21085627
1634906572.51 -0.0182127803564 0.65628772974 1.16801905632 0.18476717 0.21085627
1634906646.04 -0.0476586148143 0.636944055557 1.13074719906 0.18476717 0.21085627
1634906662.91 -0.0695865228772 0.678846180439 0.477977216244 0.12520054 -0.46347684
1634906710.83 -0.143957644701 0.679792463779 0.500580370426 0.12520054 -0.46347684
1634906722.46 -0.128867819905 0.643454134464 0.476394921541 0.12520054 -0.46347684
1634906785.09 -0.134381681681 0.696263849735 0.485869020224 0.12520054 -0.46347684
1634906821.31 -0.170966848731 0.679326593876 0.47560852766 0.12520054 -0.46347684
1634906934.62 -0.120258398354 0.62416189909 0.497843682766 0.12520054 -0.46347684
1634906964.64 -0.492371588945 0.63160264492 0.783774852753 -0.22327137 -0.10184035
1634906988.36 -0.42816388607 0.663208186626 0.770932257175 -0.22327137 -0.10184035
1634907007.59 -0.543012320995 0.660999655724 0.787919700146 -0.22327137 -0.10184035
1634907014.6 -0.466147482395 0.670472800732 0.802944242954 -0.22327137 -0.10184035
1634907037.88 -0.517485201359 0.688292384148 0.742323994637 -0.22327137 -0.10184035
1634907108.15 -0.502219796181 0.460000902414 0.764217197895 -0.22327137 -0.10184035
1634907127.12 -0.261833012104 0.662082016468 0.419333964586 -0.045823433 -0.49686676
1634907139.72 -0.258295416832 0.69767165184 0.411430478096 -0.045823433 -0.49686676
1634907164.12 -0.307486981153 0.673009514809 0.396354407072 -0.045823433 -0.49686676
1634907189.28 -0.230123832822 0.68231266737 0.400056153536 -0.045823433 -0.49686676
1634907202.22 -0.24342995882 0.654539585114 0.449104905128 -0.045823433 -0.49686676
1634907278.41 -0.252189010382 0.649406731129 0.348366171122 -0.045823433 -0.49686676
1634907295.52 -0.0342353209853 0.699689388275 1.33293104172 0.16810198 0.42459446
1634907310.54 -0.121970027685 0.651953041553 1.26801073551 0.16810198 0.42459446
1634907327.42 -0.0796802639961 0.671552240849 1.28548383713 0.16810198 0.42459446
1634907344.73 -0.132243528962 0.686494171619 1.2978515625 0.16810198 0.42459446
1634907364.34 -0.0426518060267 0.633241355419 1.34442949295 0.16810198 0.42459446
