1636640765.93 -0.447922259569 0.697144329548 0.387827783823 -0.17744917 -0.52422565
1636641170.12 -0.435417741537 0.676562130451 0.358773648739 -0.17744917 -0.52422565
1636641172.42 -0.386293202639 0.665612578392 0.384192794561 -0.17744917 -0.52422565
1636641179.88 -0.434899270535 0.694948732853 0.349638313055 -0.17744917 -0.52422565
1636641181.88 -0.450759410858 0.703443050385 0.368498384953 -0.17744917 -0.52422565
1636641197.31 -0.406128466129 0.702785551548 0.259167164564 -0.17744917 -0.52422565
1636641200.17 -0.400003522635 0.672267913818 0.378322869539 -0.17744917 -0.52422565
1636641238.1 -0.464502125978 0.622921645641 0.351960659027 -0.17744917 -0.52422565
1636641240.12 -0.434970229864 0.691971540451 0.443240016699 -0.17744917 -0.52422565
1636641244.64 -0.446541905403 0.637067317963 0.354945898056 -0.17744917 -0.52422565
1636641276.6 -0.175183460116 0.689611196518 0.838077306747 0.09270499 -0.03431405
1636641289.52 -0.0426776409149 0.666580438614 0.820305764675 0.09270499 -0.03431405
1636641292.52 -0.188701406121 0.676843285561 0.911180019379 0.09270499 -0.03431405
1636641294.53 -0.274881362915 0.670315086842 0.80287784338 0.09270499 -0.03431405
1636641306.62 -0.212698295712 0.658604741096 0.8506077528 0.09270499 -0.03431405
1636641308.64 -0.258333563805 0.63278901577 0.769853115082 0.09270499 -0.03431405
1636641318.89 -0.147784039378 0.697190642357 0.836301982403 0.09270499 -0.03431405
1636641340.75 -0.0719387456775 0.687775075436 0.939327538013 0.09270499 -0.03431405
1636641350.53 -0.139613389969 0.676813602448 0.837521851063 0.09270499 -0.03431405
1636641567.1 -0.111778564751 0.654605269432 0.891060888767 0.09270499 -0.03431405
1636641579.92 -0.345404058695 0.699791431427 0.368406385183 -0.14452086 -0.58966035
1636641662.09 -0.381666660309 0.701190471649 0.353143244982 -0.14452086 -0.58966035
1636641664.22 -0.406841129065 0.6544252038 0.26042330265 -0.14452086 -0.58966035
1636641670.62 -0.358055353165 0.682284116745 0.394804418087 -0.14452086 -0.58966035
1636641676.65 -0.347952634096 0.694703519344 0.34697213769 -0.14452086 -0.58966035
1636641679.79 -0.326806783676 0.669456958771 0.307305037975 -0.14452086 -0.58966035
1636641682.75 -0.370358079672 0.710644125938 0.287794530392 -0.14452086 -0.58966035
1636641700.31 -0.36982434988 0.652084350586 0.33895856142 -0.14452086 -0.58966035
1636641702.74 -0.383487701416 0.686082243919 0.327112913132 -0.14452086 -0.58966035
1636641718.26 -0.3840046525 0.635423481464 0.349818259478 -0.14452086 -0.58966035
1636641729.6 -0.165338695049 0.693619132042 0.914729833603 0.124253325 -0.0028113525
1636641775.58 -0.0925922468305 0.621734559536 0.962279677391 0.124253325 -0.0028113525
1636641778.61 -0.0670607239008 0.637334942818 0.940925061703 0.124253325 -0.0028113525
1636641786.44 -0.108357831836 0.680576145649 0.829582393169 0.124253325 -0.0028113525
1636641791.49 -0.117781095207 0.691470444202 0.82950925827 0.124253325 -0.0028113525
1636641817.78 -0.055785857141 0.651400029659 0.978115975857 0.124253325 -0.0028113525
1636641819.78 -0.132049426436 0.668918550014 0.9122813344 0.124253325 -0.0028113525
1636641821.79 -0.190978571773 0.686144649982 0.843883752823 0.124253325 -0.0028113525
1636641843.19 -0.0964229106903 0.628134906292 0.890334308147 0.124253325 -0.0028113525
1636641923.29 -0.109063237906 0.664506018162 0.910493791103 0.124253325 -0.0028113525
1636641930.32 -0.00882506929338 0.692026972771 0.21539825201 0.190682 -0.6728198
1636642073.84 -0.0537305548787 0.62885081768 0.256621181965 0.190682 -0.6728198
1636642077.07 -0.0885449871421 0.70765042305 0.284810334444 0.190682 -0.6728198
1636642095.67 -0.0455789528787 0.669038236141 0.235258594155 0.190682 -0.6728198
1636642098.19 -0.00772927049547 0.70035225153 0.23812443018 0.190682 -0.6728198
1636642123.17 -0.135026067495 0.668694019318 0.243570417166 0.190682 -0.6728198
1636642125.18 -0.127387270331 0.679635047913 0.249179795384 0.190682 -0.6728198
1636642133.54 -0.0234233662486 0.678942322731 0.28647261858 0.190682 -0.6728198
1636642137.49 -0.12942583859 0.645630121231 0.234167858958 0.190682 -0.6728198
1636642160.46 -0.0710521861911 0.664013564587 0.184390932322 0.190682 -0.6728198
1636642166.83 -0.359632998705 0.624061346054 1.42285275459 -0.09094117 0.49738055
1636642351.1 -0.39820253849 0.677218914032 1.37521481514 -0.09094117 0.49738055
1636642357.16 -0.302793383598 0.640663862228 1.39058578014 -0.09094117 0.49738055
1636642375.35 -0.387671917677 0.659215688705 1.37830281258 -0.09094117 0.49738055
1636642379.81 -0.291012644768 0.690347015858 1.39283585548 -0.09094117 0.49738055
1636642391.07 -0.270705461502 0.621288955212 1.45601141453 -0.09094117 0.49738055
1636642394.7 -0.3090480268 0.66897547245 1.37061071396 -0.09094117 0.49738055
1636642410.32 -0.239670902491 0.647044718266 1.40895807743 -0.09094117 0.49738055
1636642412.76 -0.355933666229 0.635754108429 1.41559314728 -0.09094117 0.49738055
1636642448.19 -0.322696149349 0.622986257076 1.2887455225 -0.09094117 0.49738055
1636642467.52 -0.427432328463 0.648305416107 0.760075092316 -0.16531101 -0.1182218
1636642478.55 -0.491466581821 0.673320889473 0.760982334614 -0.16531101 -0.1182218
1636642487.86 -0.466073304415 0.661908328533 0.753036201 -0.16531101 -0.1182218
1636642503.35 -0.329633057117 0.624853074551 0.689370810986 -0.16531101 -0.1182218
1636642505.36 -0.440216869116 0.669533312321 0.833991885185 -0.16531101 -0.1182218
