1636640764.89 -0.363325387239 0.517014920712 0.281036585569 -0.17744917 -0.52422565 0.960000038147
1636640767.02 -0.531270563602 0.470597088337 0.261946231127 -0.17744917 -0.52422565 1.82999992371
1636640769.07 -0.207636833191 0.506803154945 0.369683146477 -0.17744917 -0.52422565 0.799999952316
1636640802.6 -0.522329449654 0.466585993767 0.494928300381 -0.17744917 -0.52422565 1.45899987221
1636640832.62 -0.406127005816 0.466957509518 0.303604871035 -0.17744917 -0.52422565 0.362999916077
1636640903.83 -0.386673927307 0.589307367802 0.438820123672 -0.17744917 -0.52422565 0.203000068665
1636640962.93 -0.504091203213 0.466222673655 0.350911915302 -0.17744917 -0.52422565 0.37299990654
1636641040.01 -0.496108233929 0.478710830212 0.411860406399 -0.17744917 -0.52422565 0.273000001907
1636641043.08 -0.488134205341 0.713015556335 0.328539669514 -0.17744917 -0.52422565 0.126000165939
1636641078.84 -0.486412078142 0.467430859804 0.326184034348 -0.17744917 -0.52422565 0.00800013542175
1636641079.9 -0.508597671986 0.463728636503 0.358595103025 -0.17744917 -0.52422565 1.05100011826
1636641171.27 -0.360022068024 0.583732008934 0.404265701771 -0.17744917 -0.52422565 2.30100011826
1636641173.14 -0.302518367767 0.460055023432 0.469673603773 -0.17744917 -0.52422565 1.42599987984
1636641182.87 -0.367942512035 0.544441342354 0.517833828926 -0.17744917 -0.52422565 4.27899980545
1636641184.83 -0.285122364759 0.457277864218 0.332795113325 -0.17744917 -0.52422565 1.53399991989
1636641196.34 -0.395667284727 0.522572696209 0.229523301125 -0.17744917 -0.52422565 0.766999959946
1636641197.31 -0.405222684145 0.703548073769 0.259497404099 -0.17744917 -0.52422565 0.516999959946
1636641198.64 -0.360899239779 0.63494682312 0.343734055758 -0.17744917 -0.52422565 0.325000047684
1636641200.88 -0.381375640631 0.474206238985 0.521589279175 -0.17744917 -0.52422565 1.21700000763
1636641212.64 -0.513577222824 0.467578083277 0.502869427204 -0.17744917 -0.52422565 1.18400001526
1636641233.87 -0.280025273561 0.460178554058 0.412639319897 -0.17744917 -0.52422565 1.50099992752
1636641240.58 -0.420602530241 0.678942263126 0.528679251671 -0.17744917 -0.52422565 3.35000014305
1636641242.6 -0.437997400761 0.497355014086 0.223679661751 -0.17744917 -0.52422565 1.70000004768
1636641243.26 -0.432616621256 0.689453780651 0.225540861487 -0.17744917 -0.52422565 0.0340001583099
1636641244.65 -0.445461660624 0.639445781708 0.355150282383 0.09270499 -0.03431405 0.520999908447
1636641249.71 -0.137164786458 0.451887220144 0.792527139187 0.09270499 -0.03431405 1.27399992943
1636641250.28 -0.126868143678 0.584334075451 0.796284019947 0.09270499 -0.03431405 0.407999992371
1636641250.73 -0.166215389967 0.667686760426 0.790676355362 0.09270499 -0.03431405 0.0680000782013
1636641254.82 -0.174722626805 0.451283544302 0.954263329506 0.09270499 -0.03431405 0.733000040054
1636641255.82 -0.179474413395 0.451928198338 0.962439417839 0.09270499 -0.03431405 0.405999898911
1636641270.75 -0.080148845911 0.448517650366 0.879258573055 0.09270499 -0.03431405 0.354000091553
1636641277.56 -0.216425687075 0.644015550613 0.725496888161 0.09270499 -0.03431405 1.62000012398
1636641281.36 -0.0308389626443 0.458160400391 0.944788694382 0.09270499 -0.03431405 0.384000062943
1636641289.53 -0.0426776409149 0.666580438614 0.820305764675 0.09270499 -0.03431405 1.25900006294
1636641294.54 -0.274881362915 0.670315086842 0.80287784338 0.09270499 -0.03431405 2.73699998856
1636641305.53 -0.157237172127 0.454786121845 0.940980136395 0.09270499 -0.03431405 0.420000076294
1636641305.54 -0.161051988602 0.454044699669 0.941835701466 0.09270499 -0.03431405 0.00799989700317
1636641308.65 -0.258501142263 0.632968366146 0.769285917282 0.09270499 -0.03431405 2.53399991989
1636641318.11 -0.11606990546 0.534790575504 0.801741361618 0.09270499 -0.03431405 0.520999908447
1636641318.13 -0.118877246976 0.544381558895 0.800926625729 0.09270499 -0.03431405 0.0090000629425
1636641318.22 -0.128938615322 0.570246219635 0.796187341213 0.09270499 -0.03431405 0.076000213623
1636641319.51 -0.122859984636 0.501439273357 0.716981649399 0.09270499 -0.03431405 1.1210000515
1636641340.76 -0.0725573599339 0.686950802803 0.93910163641 0.09270499 -0.03431405 1.08400011063
1636641343.41 -0.225643292069 0.548688948154 0.901888072491 0.09270499 -0.03431405 0.253000020981
1636641344.56 -0.233482465148 0.68339163065 0.86932528019 0.09270499 -0.03431405 0.258999824524
1636641345.25 -0.169739678502 0.652573168278 0.940934419632 0.09270499 -0.03431405 0.108999967575
1636641346.46 -0.0867067724466 0.658501386642 0.841799497604 0.09270499 -0.03431405 0.253999948502
1636641347.91 -0.108629986644 0.651309430599 0.921758055687 0.09270499 -0.03431405 0.368000030518
1636641348.89 -0.233468309045 0.680269896984 0.872649013996 0.09270499 -0.03431405 0.498000144958
1636641349.63 -0.191027745605 0.659158527851 0.797535657883 0.09270499 -0.03431405 0.25
1636641350.99 -0.00898133404553 0.57536137104 0.840201854706 0.09270499 -0.03431405 0.976000070572
1636641368.88 -0.265308380127 0.463924616575 0.973511278629 0.09270499 -0.03431405 0.0340001583099
1636641369.39 -0.0282567236573 0.44903498888 0.790404140949 0.09270499 -0.03431405 0.500999927521
1636641383.91 -0.290416955948 0.523727536201 0.941623985767 0.09270499 -0.03431405 0.917000055313
1636641421.37 -0.233873307705 0.45628619194 0.85817027092 0.09270499 -0.03431405 0.427000045776
1636641429.2 -0.143709108233 0.453347891569 0.941960930824 0.09270499 -0.03431405 0.424999952316
1636641487.8 -0.129948288202 0.491680324078 0.794308006763 0.09270499 -0.03431405 0.286999940872
1636641497.76 -0.16004806757 0.475965708494 0.942826509476 0.09270499 -0.03431405 0.288000106812
1636641562.38 -0.107892043889 0.529734492302 0.806301832199 0.09270499 -0.03431405 0.34500002861
1636641567.1 -0.11199632287 0.65276825428 0.890844643116 -0.14452086 -0.58966035 0.514000177383
1636641571.0 -0.323771566153 0.670102894306 0.329747051001 -0.14452086 -0.58966035 0.325999975204
1636641580.45 -0.345303684473 0.617801785469 0.452265620232 -0.14452086 -0.58966035 1.03500008583
1636641626.2 -0.271975636482 0.524250745773 0.395325005054 -0.14452086 -0.58966035 0.649999856949
1636641661.04 -0.394709467888 0.66112780571 0.385783731937 -0.14452086 -0.58966035 0.0259997844696
1636641661.06 -0.393478274345 0.664648711681 0.385704964399 -0.14452086 -0.58966035 0.0090000629425
1636641662.34 -0.421590894461 0.696753799915 0.382687628269 -0.14452086 -0.58966035 0.758000135422
1636641665.15 -0.2549264431 0.473851501942 0.358094066381 -0.14452086 -0.58966035 2.54299998283
1636641670.63 -0.358256995678 0.682012736797 0.393880456686 -0.14452086 -0.58966035 0.992000102997
1636641677.99 -0.277778804302 0.673282384872 0.403085649014 -0.14452086 -0.58966035 1.83999991417
1636641679.24 -0.246657282114 0.711512088776 0.308327883482 -0.14452086 -0.58966035 0.167000055313
1636641679.92 -0.322113841772 0.685477912426 0.314656347036 -0.14452086 -0.58966035 0.628000020981
1636641679.96 -0.321632623672 0.687497913837 0.316741675138 -0.14452086 -0.58966035 0.00899982452393
1636641684.74 -0.299386560917 0.460089206696 0.42721799016 -0.14452086 -0.58966035 2.49899983406
1636641701.55 -0.333936095238 0.687051177025 0.351224988699 -0.14452086 -0.58966035 2.867000103
1636641704.56 -0.363869726658 0.602822422981 0.460351079702 -0.14452086 -0.58966035 2.32299995422
1636641718.27 -0.383949100971 0.635346531868 0.349664568901 0.124253325 -0.0028113525 1.52500009537
1636641730.28 -0.0163115654141 0.45379987359 1.00857436657 0.124253325 -0.0028113525 1.21900010109
1636641772.23 -0.212017819285 0.542523682117 1.02153420448 0.124253325 -0.0028113525 0.809000015259
1636641777.18 -0.182579234242 0.687287867069 0.949868202209 0.124253325 -0.0028113525 2.99799990654
1636641779.31 0.0217375159264 0.444715321064 0.843221545219 0.124253325 -0.0028113525 1.20599985123
1636641786.49 -0.0936189964414 0.674759328365 0.828034520149 0.124253325 -0.0028113525 1.44400000572
1636641792.08 -0.0158557072282 0.45972186327 1.00365757942 0.124253325 -0.0028113525 1.14600014687
1636641794.74 0.0101190861315 0.448770672083 0.832145392895 0.124253325 -0.0028113525 0.417000055313
1636641802.77 -0.118324279785 0.532812654972 1.04773938656 0.124253325 -0.0028113525 0.775000095367
1636641817.78 -0.0572970286012 0.649071276188 0.979539453983 0.124253325 -0.0028113525 0.508999824524
1636641821.8 -0.189768195152 0.68488997221 0.842803418636 0.124253325 -0.0028113525 2.7009999752
1636641822.57 -0.0524096116424 0.622416734695 0.882718682289 0.124253325 -0.0028113525 0.683000087738
1636641841.97 -0.114194221795 0.499242037535 0.987585842609 0.124253325 -0.0028113525 1.36299991608
1636641843.83 0.0142105882987 0.451695024967 0.835679352283 0.124253325 -0.0028113525 1.46600008011
1636641845.61 0.0170089416206 0.449801236391 0.830693721771 0.124253325 -0.0028113525 0.21599984169
1636641847.62 0.016176559031 0.447906523943 0.953688263893 0.124253325 -0.0028113525 0.958999872208
1636641857.22 0.0236636865884 0.452886909246 0.88163214922 0.124253325 -0.0028113525 0.950000047684
1636641873.56 -0.199678629637 0.49578884244 1.02865958214 0.124253325 -0.0028113525 0.667000055313
1636641883.92 -0.0940721109509 0.52019995451 1.0457777977 0.124253325 -0.0028113525 0.733999967575
1636641923.3 -0.108825176954 0.665593743324 0.909702539444 0.190682 -0.6728198 0.677000045776
1636641928.24 0.0130006130785 0.485489308834 0.228695988655 0.190682 -0.6728198 0.134999990463
1636641928.27 0.0149036943913 0.484665006399 0.218239217997 0.190682 -0.6728198 0.00800013542175
1636641928.95 -0.0656313151121 0.458523452282 0.139995232224 0.190682 -0.6728198 0.542000055313
1636641931.39 0.0816902592778 0.630325973034 0.276093810797 0.190682 -0.6728198 1.5720000267
1636641946.44 -0.205126613379 0.535104930401 0.281564980745 0.190682 -0.6728198 1.10900020599
1636641975.32 0.108850240707 0.465696305037 0.15333302319 0.190682 -0.6728198 0.891999959946
1636641976.32 0.0651025176048 0.451866805553 0.308983027935 0.190682 -0.6728198 0.417000055313
1636642073.06 -0.0565899163485 0.653299808502 0.301638811827 0.190682 -0.6728198 0.0090000629425
1636642074.52 0.00664463499561 0.54822742939 0.196712329984 0.190682 -0.6728198 1.18000006676
1636642079.24 0.0477070435882 0.454282850027 0.335543632507 0.190682 -0.6728198 2.67999982834
1636642097.04 -0.00993955042213 0.676174938679 0.281958729029 0.190682 -0.6728198 2.60100007057
1636642099.76 0.0322858355939 0.463659703732 0.10954900831 0.190682 -0.6728198 2.07299995422
1636642099.84 0.041384242475 0.453605383635 0.107165247202 0.190682 -0.6728198 0.0759999752045
1636642101.59 -0.15024189651 0.461024045944 0.103747814894 0.190682 -0.6728198 0.392000198364
1636642107.46 -0.156158328056 0.457489460707 0.356101870537 0.190682 -0.6728198 0.0329999923706
1636642108.04 -0.107417225838 0.456383377314 0.377826303244 0.190682 -0.6728198 0.575999975204
1636642110.13 0.0866300612688 0.508959233761 0.250662147999 0.190682 -0.6728198 2.04299998283
1636642123.2 -0.135505080223 0.669047057629 0.243908137083 0.190682 -0.6728198 1.11699986458
1636642125.64 -0.19769205153 0.634500265121 0.293265104294 0.190682 -0.6728198 0.958999872208
1636642133.63 -0.0237337313592 0.682111084461 0.291217148304 0.190682 -0.6728198 1.22599983215
1636642136.83 -0.109982848167 0.687531709671 0.285519301891 0.190682 -0.6728198 0.338000059128
1636642138.34 -0.00830116774887 0.457892626524 0.0851431190968 0.190682 -0.6728198 1.35500001907
1636642139.91 0.0751721784472 0.456426978111 0.287396490574 0.190682 -0.6728198 0.150000095367
1636642160.47 -0.0712722614408 0.664315402508 0.184315145016 -0.09094117 0.49738055 1.26700019836
1636642165.49 -0.416125297546 0.487728863955 1.38722455502 -0.09094117 0.49738055 0.00799989700317
1636642167.48 -0.231561750174 0.459346741438 1.50226271152 -0.09094117 0.49738055 1.20399999619
1636642210.46 -0.455883324146 0.463343262672 1.51299464703 -0.09094117 0.49738055 0.725000143051
1636642211.23 -0.476827204227 0.486311286688 1.33184564114 -0.09094117 0.49738055 0.125
1636642346.82 -0.35442879796 0.477238357067 1.47313249111 -0.09094117 0.49738055 0.138999938965
1636642352.18 -0.414420157671 0.707226455212 1.41341745853 -0.09094117 0.49738055 1.5790002346
1636642357.96 -0.246761903167 0.477106899023 1.27907109261 -0.09094117 0.49738055 1.48900008202
1636642376.51 -0.402852892876 0.685247659683 1.35416281223 -0.09094117 0.49738055 2.47600007057
1636642377.66 -0.396675765514 0.699923813343 1.34655976295 -0.09094117 0.49738055 0.233999967575
1636642378.68 -0.323568075895 0.468157231808 1.47159826756 -0.09094117 0.49738055 0.666000127792
1636642380.35 -0.293747931719 0.526395916939 1.54675507545 -0.09094117 0.49738055 1.03999996185
1636642387.13 -0.482449382544 0.614749372005 1.34886109829 -0.09094117 0.49738055 2.05999994278
1636642387.45 -0.471975803375 0.656611979008 1.3249976635 -0.09094117 0.49738055 0.283999919891
1636642391.08 -0.270525962114 0.623705089092 1.45485424995 -0.09094117 0.49738055 0.907999992371
1636642391.96 -0.275340229273 0.697385489941 1.43533146381 -0.09094117 0.49738055 0.066999912262
1636642392.41 -0.27506518364 0.678717672825 1.43638527393 -0.09094117 0.49738055 0.401000022888
1636642395.03 -0.335039526224 0.468107461929 1.24628472328 -0.09094117 0.49738055 1.04100012779
1636642410.33 -0.240835085511 0.646573722363 1.41000270844 -0.09094117 0.49738055 1.15000009537
1636642413.18 -0.487765699625 0.470179438591 1.36582267284 -0.09094117 0.49738055 0.923000097275
1636642428.26 -0.465202867985 0.499197810888 1.4813734293 -0.09094117 0.49738055 1.00900006294
1636642433.04 -0.448439508677 0.460352629423 1.29268825054 -0.09094117 0.49738055 0.282999992371
1636642448.2 -0.323177933693 0.626277208328 1.28756833076 -0.16531101 -0.1182218 1.08399987221
1636642453.71 -0.345689982176 0.455437242985 0.757393538952 -0.16531101 -0.1182218 0.93799996376
1636642466.49 -0.424199134111 0.459084063768 0.707096934319 -0.16531101 -0.1182218 0.460999965668
1636642468.15 -0.56712436676 0.469861954451 0.780275940895 -0.16531101 -0.1182218 1.36100006104
1636642469.64 -0.534911572933 0.461378157139 0.87733823061 -0.16531101 -0.1182218 0.108000040054
1636642478.55 -0.491521984339 0.673319220543 0.761083424091 -0.16531101 -0.1182218 1.89199995995
1636642479.13 -0.490387439728 0.673397779465 0.764689087868 -0.16531101 -0.1182218 0.066999912262
1636642483.02 -0.376486957073 0.458439469337 0.926853358746 -0.16531101 -0.1182218 1.96200013161
1636642485.82 -0.4605435431 0.463805228472 0.71875846386 -0.16531101 -0.1182218 0.496999979019
1636642488.48 -0.564335465431 0.518232345581 0.751273930073 -0.16531101 -0.1182218 1.125
1636642490.53 -0.530247092247 0.462720245123 0.881642639637 -0.16531101 -0.1182218 0.266999959946
1636642499.43 -0.561059355736 0.490066051483 0.827271401882 -0.16531101 -0.1182218 0.634000062943
1636642501.24 -0.534211337566 0.712607264519 0.876966297626 -0.16531101 -0.1182218 0.0510001182556
1636642501.69 -0.530030012131 0.72040116787 0.881580591202 -0.16531101 -0.1182218 0.191999912262
1636642503.36 -0.330405622721 0.628357768059 0.689618229866 -0.16531101 -0.1182218 1.58399987221
1636642506.4 -0.566831886768 0.463612765074 0.783386051655 -0.16531101 -0.1182218 2.14100003242
1636642506.57 -0.5722438097 0.463574588299 0.7666670084 -0.16531101 -0.1182218 0.0220000743866
