1635353374.52 -0.50289028883 0.70033800602 0.353412389755 -0.17744917 -0.52422565 0.151000022888
1635353406.37 -0.504561126232 0.4651889503 0.381684064865 -0.17744917 -0.52422565 0.0289998054504
1635353407.89 -0.491917908192 0.66404145956 0.333559542894 -0.17744917 -0.52422565 0.943000078201
1635353411.67 -0.356164336205 0.456760078669 0.354690998793 -0.17744917 -0.52422565 0.283999919891
1635353469.05 -0.357361108065 0.464001268148 0.421885192394 -0.17744917 -0.52422565 0.00999999046326
1635353471.12 -0.416720479727 0.509116590023 0.454020142555 -0.17744917 -0.52422565 2.05799984932
1635353480.05 -0.450593531132 0.646713495255 0.302470058203 -0.17744917 -0.52422565 0.605000019073
1635353480.89 -0.456280469894 0.640442669392 0.305838495493 -0.17744917 -0.52422565 0.516999959946
1635353482.6 -0.376983761787 0.494895577431 0.429458141327 -0.17744917 -0.52422565 1.54999995232
1635353524.88 -0.414297580719 0.52802914381 0.300511658192 -0.17744917 -0.52422565 0.276000022888
1635353541.72 -0.35761898756 0.677945375443 0.398477137089 -0.17744917 -0.52422565 0.667999982834
1635353542.14 -0.355839669704 0.698707401752 0.391072958708 -0.17744917 -0.52422565 0.118000030518
1635353543.38 -0.504568099976 0.465472698212 0.364124923944 -0.17744917 -0.52422565 0.464000225067
1635353556.27 -0.504791975021 0.618717551231 0.382826209068 -0.17744917 -0.52422565 0.331000089645
1635353557.45 -0.445083677769 0.633776426315 0.450057178736 -0.17744917 -0.52422565 0.0919997692108
1635353559.26 -0.505877017975 0.64539295435 0.382271528244 -0.17744917 -0.52422565 0.916999816895
1635353572.67 -0.462024569511 0.491945356131 0.307323038578 -0.17744917 -0.52422565 0.513999938965
1635353573.76 -0.481461763382 0.49580013752 0.431330442429 -0.17744917 -0.52422565 0.93799996376
1635353590.1 -0.485083460808 0.477021425962 0.323673456907 -0.17744917 -0.52422565 0.0839998722076
1635353636.89 -0.440435141325 0.537593781948 0.450909227133 -0.17744917 -0.52422565 0.324999809265
1635353637.79 -0.406770884991 0.642508327961 0.445949226618 0.2727567 -0.029372284 0.646000146866
1635353641.59 0.0532451868057 0.449775934219 0.956867516041 0.2727567 -0.029372284 0.832999944687
1635353643.68 0.0942815542221 0.626800775528 0.897826373577 0.2727567 -0.029372284 0.434000015259
1635353650.14 0.0867739915848 0.442765146494 0.910401880741 0.2727567 -0.029372284 0.244999885559
1635353650.39 0.0997303649783 0.442017436028 0.860386967659 0.2727567 -0.029372284 0.242000102997
1635353650.64 0.0758725777268 0.444579154253 0.81273573637 0.2727567 -0.029372284 0.0590000152588
1635353653.36 -0.0527894571424 0.445654720068 0.879343390465 0.2727567 -0.029372284 0.203999996185
1635353654.54 0.0911578759551 0.513999044895 0.905923187733 0.2727567 -0.029372284 0.625
1635353655.44 0.0963020250201 0.664733529091 0.893844366074 0.2727567 -0.029372284 0.501999855042
1635353656.53 0.06370087713 0.655531108379 0.806141853333 0.2727567 -0.029372284 0.325999975204
1635353657.47 -0.0549172982574 0.547817885876 0.882904112339 0.2727567 -0.029372284 0.488999843597
1635353667.59 0.0678384378552 0.464248090982 0.808769702911 0.2727567 -0.029372284 0.200000047684
1635353669.09 0.094573289156 0.648766815662 0.848997235298 0.2727567 -0.029372284 0.342000007629
1635353670.39 0.0967933684587 0.637556374073 0.8616091609 0.2727567 -0.029372284 0.571999788284
1635353689.67 0.102480500937 0.463487386703 0.86265963316 0.2727567 -0.029372284 0.426000118256
1635353690.37 0.0963958278298 0.656777858734 0.856253266335 0.2727567 -0.029372284 0.134000062943
1635353722.88 0.0372154638171 0.45346018672 0.943048119545 0.2727567 -0.029372284 0.192999839783
1635353733.61 0.0581211037934 0.567376255989 0.803751826286 0.2727567 -0.029372284 1.81699991226
1635353742.55 -0.0100097879767 0.483054041862 0.80051535368 0.2727567 -0.029372284 1.19199991226
1635353742.59 -0.0155762312934 0.463228404522 0.786508560181 0.2727567 -0.029372284 0.00899982452393
1635353764.6 0.0771682783961 0.446758806705 0.816335976124 0.2727567 -0.029372284 0.200000047684
1635353806.97 0.0170536004007 0.531774818897 0.945647537708 0.2727567 -0.029372284 0.65499997139
1635353808.56 0.0312708169222 0.524513602257 0.794660449028 0.2727567 -0.029372284 1.15000009537
1635353811.22 0.0333199687302 0.448614597321 0.946324527264 0.2727567 -0.029372284 0.786999940872
1635353824.35 -0.0527729690075 0.480517864227 0.852729976177 0.2727567 -0.029372284 0.72200012207
1635353829.94 -0.0469876751304 0.619448721409 0.840021789074 0.2727567 -0.029372284 0.292000055313
1635353830.72 -0.00118487514555 0.625244259834 0.797836124897 0.2727567 -0.029372284 0.383000135422
1635353831.87 -0.0155395176262 0.647238910198 0.803756296635 0.2727567 -0.029372284 0.450999975204
1635353833.8 0.0680027678609 0.445576369762 0.930212318897 0.2727567 -0.029372284 1.14900016785
1635353842.42 0.00554640218616 0.669035315514 0.943599283695 0.2727567 -0.029372284 1.35800004005
1635353842.91 -0.0102700423449 0.674606025219 0.937552690506 0.2727567 -0.029372284 0.266999959946
1635353843.47 0.00856887176633 0.648694396019 0.943921804428 0.2727567 -0.029372284 0.441999912262
1635353845.71 0.0828834548593 0.642180979252 0.916500985622 0.2727567 -0.029372284 0.134999990463
1635353846.7 0.0126393772662 0.459370911121 0.792013943195 0.2727567 -0.029372284 0.226999998093
1635353851.27 -0.0271611064672 0.502329051495 0.928966879845 0.2727567 -0.029372284 0.322999954224
1635353853.15 0.097345136106 0.448519587517 0.880348145962 0.2727567 -0.029372284 1.34500002861
1635353853.27 0.0775972306728 0.446151703596 0.818397641182 0.2727567 -0.029372284 0.108999967575
1635353917.13 -0.0528698563576 0.554921805859 0.875847816467 0.2727567 -0.029372284 0.342000007629
1635353917.35 -0.0521993376315 0.642670571804 0.88322198391 0.2727567 -0.029372284 0.207000017166
1635353918.19 -0.0476078502834 0.672100484371 0.898480176926 -0.20337787 0.54649305 0.516999959946
1635353920.8 -0.433223724365 0.456842660904 1.37373614311 -0.20337787 0.54649305 0.00899982452393
1635353922.95 -0.507829546928 0.511097252369 1.39194130898 -0.20337787 0.54649305 2.14100003242
1635353935.72 -0.505496263504 0.516074359417 1.50017166138 -0.20337787 0.54649305 0.331000089645
1635353936.7 -0.513823568821 0.637292683125 1.49181711674 -0.20337787 0.54649305 0.68700003624
1635353937.53 -0.506105542183 0.460292756557 1.39429700375 -0.20337787 0.54649305 0.100999832153
1635353946.77 -0.446822345257 0.464843600988 1.5230486393 -0.20337787 0.54649305 0.536000013351
1635353950.39 -0.528549194336 0.639333605766 1.44478476048 -0.20337787 0.54649305 0.738000154495
1635353951.94 -0.519053995609 0.658165454865 1.41093540192 -0.20337787 0.54649305 0.828999996185
1635354027.06 -0.403824448586 0.502245187759 1.50508630276 -0.20337787 0.54649305 0.427999973297
1635354028.54 -0.417981594801 0.552016794682 1.51428055763 -0.20337787 0.54649305 1.09600019455
1635354035.83 -0.496825367212 0.46131876111 1.38365399837 -0.20337787 0.54649305 0.746999979019
1635354036.78 -0.481970489025 0.669282793999 1.3769620657 -0.20337787 0.54649305 0.0269999504089
1635354036.96 -0.473712772131 0.68261039257 1.37463140488 -0.20337787 0.54649305 0.174999952316
1635354038.15 -0.479232013226 0.698590040207 1.37637925148 -0.20337787 0.54649305 0.149999856949
1635354039.31 -0.477991372347 0.700482189655 1.3734139204 -0.20337787 0.54649305 0.114000082016
1635354041.75 -0.479597389698 0.705662727356 1.37633728981 -0.20337787 0.54649305 0.0090000629425
1635354044.4 -0.432651281357 0.662692427635 1.37273621559 -0.20337787 0.54649305 0.709000110626
1635354067.38 -0.526960194111 0.49773734808 1.45939159393 -0.20337787 0.54649305 0.200000047684
1635354106.58 -0.5144277215 0.527293145657 1.48954057693 -0.20337787 0.54649305 0.342000007629
1635354106.73 -0.50600707531 0.564286470413 1.49995720387 -0.20337787 0.54649305 0.0670001506805
1635354106.87 -0.509202301502 0.607080757618 1.49600076675 -0.20337787 0.54649305 0.0339999198914
1635354107.43 -0.514178037643 0.642687141895 1.47178220749 -0.24228255 0.030773563 0.550000190735
1635354114.26 -0.519690454006 0.515802145004 1.00226867199 -0.24228255 0.030773563 1.61800003052
1635354133.49 -0.418428063393 0.507917404175 0.908028364182 -0.24228255 0.030773563 0.101000070572
1635354138.06 -0.462941408157 0.464615613222 1.00708913803 -0.24228255 0.030773563 0.266000032425
1635354175.93 -0.484258472919 0.597771942616 0.855746626854 -0.24228255 0.030773563 0.46799993515
1635354179.38 -0.422208458185 0.646489143372 0.901676654816 -0.24228255 0.030773563 0.058000087738
1635354182.92 -0.552585959435 0.499430686235 0.977601885796 -0.24228255 0.030773563 0.0420000553131
1635354185.03 -0.563442885876 0.69527310133 0.902953565121 -0.24228255 0.030773563 0.309000015259
1635354186.74 -0.460855901241 0.601499080658 0.999117255211 -0.24228255 0.030773563 0.0750000476837
1635354187.67 -0.418455064297 0.666135072708 0.941435098648 -0.24228255 0.030773563 0.8140001297
1635354190.87 -0.555880010128 0.457588583231 0.97486191988 -0.24228255 0.030773563 0.651000022888
1635354198.85 -0.417465031147 0.68717366457 0.918112933636 -0.24228255 0.030773563 0.175999879837
1635354199.47 -0.418592631817 0.702866494656 0.945956230164 -0.24228255 0.030773563 0.285000085831
1635354200.18 -0.418947041035 0.70159304142 0.947645545006 -0.24228255 0.030773563 0.259999990463
1635354201.79 -0.418826758862 0.644502639771 0.913874149323 -0.24228255 0.030773563 1.15900015831
1635354264.68 -0.438367158175 0.667750239372 0.983097314835 -0.24228255 0.030773563 1.89699983597
1635354278.21 -0.450418263674 0.454625993967 0.864474773407 -0.24228255 0.030773563 0.828999996185
1635354278.3 -0.454177230597 0.459793686867 0.866668283939 -0.24228255 0.030773563 0.0830001831055
1635354280.44 -0.507148563862 0.498331516981 1.0080435276 -0.24228255 0.030773563 1.01699995995
1635354283.4 -0.487289577723 0.459797173738 0.855968415737 -0.24228255 0.030773563 0.53400015831
1635354283.58 -0.532732725143 0.457413524389 0.867483913898 -0.24228255 0.030773563 0.0329999923706
1635354335.56 -0.417550981045 0.458457767963 0.940910756588 -0.24228255 0.030773563 0.0750000476837
1635354345.15 -0.479471862316 0.623337745667 1.00519013405 -0.24228255 0.030773563 0.525000095367
1635354345.58 -0.481414586306 0.619355738163 1.00544786453 -0.24228255 0.030773563 0.0339999198914
1635354345.74 -0.480798095465 0.619353711605 1.00604462624 -0.24228255 0.030773563 0.134000062943
1635354348.47 -0.556283295155 0.462769091129 0.971615970135 -0.24228255 0.030773563 0.259999990463
1635354352.75 -0.461268812418 0.456786155701 1.00059437752 -0.24228255 0.030773563 0.651999950409
1635354356.79 -0.541147768497 0.685527920723 0.988773286343 -0.24228255 0.030773563 0.125
1635354357.62 -0.517685055733 0.700825929642 1.00360691547 -0.24228255 0.030773563 0.0839998722076
1635354358.37 -0.509898304939 0.683211445808 1.00528979301 -0.24228255 0.030773563 0.217000007629
1635354359.05 -0.53492385149 0.642867565155 0.995100200176 -0.24228255 0.030773563 0.309000015259
1635354375.95 -0.444702297449 0.605712711811 0.98979818821 -0.24228255 0.030773563 0.368000030518
1635354377.47 -0.570076942444 0.463761240244 0.969937503338 -0.24228255 0.030773563 0.0720000267029
1635354377.77 -0.56234395504 0.498203605413 0.90048635006 -0.24228255 0.030773563 0.175000190735
1635354389.18 -0.445239365101 0.636865377426 0.873275399208 -0.24228255 0.030773563 0.743000030518
1635354390.57 -0.550253748894 0.527917027473 0.879853546619 -0.24228255 0.030773563 0.894000053406
1635354406.28 -0.445055812597 0.487394958735 0.992261350155 -0.24228255 0.030773563 0.480000019073
1635354407.39 -0.442322075367 0.656685829163 0.983830392361 -0.11426553 -0.7652532 0.509000062943
1635354424.63 -0.440685689449 0.544168055058 0.154677167535 -0.11426553 -0.7652532 2.09999990463
1635354510.27 -0.300710529089 0.462148874998 0.0984798967838 -0.11426553 -0.7652532 1.867000103
1635354518.41 -0.383504807949 0.644173026085 0.208119064569 -0.11426553 -0.7652532 0.150000095367
1635354520.04 -0.357732951641 0.523156285286 0.0593464970589 -0.11426553 -0.7652532 0.744000196457
1635354520.38 -0.376299291849 0.628972172737 0.0595416799188 -0.11426553 -0.7652532 0.058000087738
1635354521.15 -0.353196829557 0.662964224815 0.0610020756721 -0.11426553 -0.7652532 0.712000131607
1635354584.39 -0.344063907862 0.612819075584 0.208063259721 -0.11426553 -0.7652532 1.47499990463
1635354602.18 -0.347635686398 0.626101732254 0.208189532161 -0.11426553 -0.7652532 0.361999988556
1635354602.8 -0.343744546175 0.690991640091 0.206830263138 -0.11426553 -0.7652532 0.133000135422
1635354603.42 -0.337869882584 0.694225549698 0.204389408231 -0.11426553 -0.7652532 0.151000022888
1635354604.25 -0.323443502188 0.691432833672 0.196934640408 -0.11426553 -0.7652532 0.269999980927
1635354605.29 -0.297189414501 0.621546208858 0.163361757994 -0.11426553 -0.7652532 0.62299990654
1635354617.43 -0.24279075861 0.465933918953 0.0916569977999 -0.11426553 -0.7652532 0.583000183105
1635354668.49 -0.372947543859 0.683359503746 0.209773555398 -0.11426553 -0.7652532 0.085000038147
1635354674.1 -0.331636339426 0.65981221199 0.200903117657 -0.11426553 -0.7652532 0.0590000152588
1635354674.68 -0.342390328646 0.697010815144 0.205702826381 -0.11426553 -0.7652532 0.0929999351501
1635354675.65 -0.357381552458 0.708514869213 0.209508568048 -0.11426553 -0.7652532 0.338000059128
1635354677.35 -0.412274837494 0.685844361782 0.196356877685 -0.11426553 -0.7652532 0.0759999752045
1635354678.38 -0.372610062361 0.706561744213 0.210769250989 -0.11426553 -0.7652532 0.202000141144
1635354696.05 -0.312575399876 0.460017681122 0.0833005458117 -0.11426553 -0.7652532 0.260999917984
1635354696.75 -0.438000023365 0.470973402262 0.106425493956 -0.11426553 -0.7652532 0.484999895096
1635354698.45 -0.420488536358 0.691782414913 0.136478409171 0.2717655 -0.4917415 0.516999959946
1635354701.94 0.0753722861409 0.498115718365 0.45768776536 0.2717655 -0.4917415 0.947999954224
1635354703.9 -0.0513737425208 0.644434511662 0.431931942701 0.2717655 -0.4917415 1.04799985886
1635354703.92 -0.0510171689093 0.640396773815 0.432705998421 0.2717655 -0.4917415 0.00899982452393
1635354703.95 -0.0507949665189 0.63412964344 0.433711290359 0.2717655 -0.4917415 0.0090000629425
1635354703.96 -0.0505291745067 0.629724025726 0.434011310339 0.2717655 -0.4917415 0.00800013542175
1635354740.83 0.0647071897984 0.464434981346 0.343318581581 0.2717655 -0.4917415 0.224999904633
1635354767.13 0.0244350098073 0.452222287655 0.32842412591 0.2717655 -0.4917415 0.338000059128
1635354768.56 -0.0349334850907 0.603262126446 0.354387611151 0.2717655 -0.4917415 1.0759999752
1635354778.63 0.0669471174479 0.449959039688 0.46711602807 0.2717655 -0.4917415 0.507000207901
1635354790.07 -0.0452730543911 0.591318011284 0.444900155067 0.2717655 -0.4917415 0.34700012207
1635354792.93 -0.0265824981034 0.456991493702 0.345726102591 0.2717655 -0.4917415 0.618999958038
1635354803.52 0.0920879691839 0.45361828804 0.386670351028 0.2717655 -0.4917415 0.767000198364
1635354803.62 0.0964533314109 0.474848479033 0.39016520977 0.2717655 -0.4917415 0.0420000553131
1635354805.04 0.0254448633641 0.490762263536 0.330301851034 0.2717655 -0.4917415 1.06399989128
1635354817.73 0.0374936684966 0.450499117374 0.494542777538 0.2717655 -0.4917415 0.367000102997
1635354843.26 0.0918016806245 0.450752198696 0.428273588419 0.2717655 -0.4917415 0.0749998092651
1635354869.23 0.0982864126563 0.47088932991 0.392931371927 0.2717655 -0.4917415 0.69100022316
1635354870.78 0.0424004644156 0.500556051731 0.335020363331 0.2717655 -0.4917415 1.08800005913
1635354883.4 0.0671639591455 0.452898681164 0.345217913389 0.2717655 -0.4917415 0.210000038147
1635354885.01 -0.0104774916545 0.592247664928 0.337903141975 0.2717655 -0.4917415 0.786999940872
1635354910.19 -0.0397054105997 0.510309159756 0.457765161991 0.2717655 -0.4917415 0.291999816895
1635354927.99 0.0622292868793 0.504347801208 0.304692447186 0.2717655 -0.4917415 0.93399977684
1635354950.52 0.0567294284701 0.551153123379 0.477048158646 0.2717655 -0.4917415 0.197999954224
1635354965.56 -0.0554554536939 0.53258484602 0.4059458673 0.2717655 -0.4917415 0.192000150681
1635354967.65 0.0656918287277 0.450826197863 0.34737187624 0.2717655 -0.4917415 0.453999996185
1635354968.96 0.0589461401105 0.666437506676 0.419517099857 0.013590737 0.56272876 0.513000011444
1635354976.67 -0.16651494801 0.511348426342 1.49908316135 0.013590737 0.56272876 1.73199987411
1635355040.78 -0.312800228596 0.645894348621 1.47842133045 0.013590737 0.56272876 2.01300001144
1635355041.42 -0.256618529558 0.455862283707 1.38910281658 0.013590737 0.56272876 0.212000131607
1635355049.0 -0.203715488315 0.458744108677 1.53232562542 0.013590737 0.56272876 0.0670001506805
1635355053.08 -0.306593328714 0.648665845394 1.4866617918 0.013590737 0.56272876 0.658999919891
1635355053.76 -0.223392575979 0.624361157417 1.53745400906 0.013590737 0.56272876 0.572000026703
1635355123.99 -0.299272269011 0.460088551044 1.5051445961 0.013590737 0.56272876 0.273000001907
1635355138.07 -0.205909356475 0.588691353798 1.39198744297 0.013590737 0.56272876 1.29800009727
1635355156.89 -0.168370112777 0.48909637332 1.42313361168 0.013590737 0.56272876 2.18200016022
