1635353407.76 -0.479595631361 0.674322545528 0.339164346457 -0.17744917 -0.52422565
1635353470.04 -0.361002027988 0.677605986595 0.38896676898 -0.17744917 -0.52422565
1635353480.88 -0.455653399229 0.641200065613 0.306238025427 -0.17744917 -0.52422565
1635353558.85 -0.491577327251 0.679248631001 0.392161846161 -0.17744917 -0.52422565
1635353573.44 -0.448685824871 0.664257705212 0.360609859228 -0.17744917 -0.52422565
1635353637.78 -0.406958967447 0.642631947994 0.445477098227 -0.17744917 -0.52422565
1635353670.32 0.0752880051732 0.647078514099 0.849873960018 0.2727567 -0.029372284
1635353733.07 0.00280145183206 0.658242344856 0.8432071805 0.2727567 -0.029372284
1635353741.96 -0.000105690211058 0.646547973156 0.907002031803 0.2727567 -0.029372284
1635353807.98 0.038318246603 0.662147879601 0.910571932793 0.2727567 -0.029372284
1635353852.32 -0.025895036757 0.672776281834 0.882733404636 0.2727567 -0.029372284
1635353918.18 -0.0474846176803 0.67212831974 0.898143112659 0.2727567 -0.029372284
1635353922.32 -0.443325906992 0.592248022556 1.50193798542 -0.20337787 0.54649305
1635353936.55 -0.47939479351 0.671530842781 1.4903652668 -0.20337787 0.54649305
1635353951.62 -0.503541588783 0.671282172203 1.4104064703 -0.20337787 0.54649305
1635354028.0 -0.442363202572 0.681272149086 1.46281015873 -0.20337787 0.54649305
1635354044.2 -0.465965241194 0.678621768951 1.41148161888 -0.20337787 0.54649305
1635354107.42 -0.514698803425 0.643615663052 1.4719748497 -0.20337787 0.54649305
1635354113.9 -0.445548117161 0.666518330574 0.957415401936 -0.24228255 0.030773563
1635354187.4 -0.425301611423 0.68615090847 0.946886599064 -0.24228255 0.030773563
1635354201.13 -0.42627248168 0.691803634167 0.938255250454 -0.24228255 0.030773563
1635354264.3 -0.439782649279 0.678956031799 0.975732982159 -0.24228255 0.030773563
1635354279.98 -0.495538473129 0.655159533024 0.928244352341 -0.24228255 0.030773563
1635354407.39 -0.442342013121 0.656699419022 0.983858108521 -0.24228255 0.030773563
1635354424.04 -0.37551215291 0.680588245392 0.127316698432 -0.11426553 -0.7652532
1635354509.48 -0.398781478405 0.662129282951 0.16360335052 -0.11426553 -0.7652532
1635354520.94 -0.352311223745 0.691437005997 0.0993352383375 -0.11426553 -0.7652532
1635354584.07 -0.347248792648 0.642971158028 0.192627727985 -0.11426553 -0.7652532
1635354605.17 -0.305150419474 0.667354106903 0.161419123411 -0.11426553 -0.7652532
1635354698.44 -0.420488536358 0.691782414913 0.136478409171 -0.11426553 -0.7652532
1635354703.55 0.00807672739029 0.659432590008 0.413104116917 0.2717655 -0.4917415
1635354768.11 0.0299830771983 0.65703099966 0.386968314648 0.2717655 -0.4917415
1635354804.49 0.0554796531796 0.661929368973 0.429913550615 0.2717655 -0.4917415
1635354870.19 0.0576040670276 0.666111111641 0.444996237755 0.2717655 -0.4917415
1635354884.74 0.0270068906248 0.664001882076 0.352146238089 0.2717655 -0.4917415
1635354968.96 0.0584509335458 0.666859030724 0.419391930103 0.2717655 -0.4917415
1635354976.2 -0.232220947742 0.659309029579 1.48105573654 0.013590737 0.56272876
1635355039.85 -0.275621801615 0.691279172897 1.46806919575 0.013590737 0.56272876
1635355053.73 -0.225477278233 0.620547235012 1.5282586813 0.013590737 0.56272876
1635355137.75 -0.169912323356 0.657675385475 1.4476454258 0.013590737 0.56272876
1635355156.22 -0.266005307436 0.663893699646 1.41105353832 0.013590737 0.56272876
