1635009230.45 -0.473138749599 0.489366233349 0.310002177954 -0.17744917 -0.52422565 0.269999980927
1635009233.4 -0.421410083771 0.46090143919 0.454569220543 -0.17744917 -0.52422565 0.396000146866
1635009253.36 -0.590704083443 0.468745410442 0.373981595039 -0.17744917 -0.52422565 1.75899982452
1635009291.7 -0.383048117161 0.488221287727 0.437347650528 -0.17744917 -0.52422565 0.212000131607
1635009293.18 -0.412663340569 0.70089662075 0.450212150812 -0.17744917 -0.52422565 0.595999956131
1635009302.5 -0.441417992115 0.496708869934 0.298579454422 -0.17744917 -0.52422565 1.71700000763
1635009313.66 -0.377661496401 0.54000878334 0.321852743626 -0.17744917 -0.52422565 0.362999916077
1635009315.22 -0.383065372705 0.576810717583 0.318290233612 -0.17744917 -0.52422565 0.125
1635009317.38 -0.402383953333 0.473159134388 0.451537996531 -0.17744917 -0.52422565 0.12700009346
1635009328.02 -0.486430555582 0.514497935772 0.429554313421 -0.17744917 -0.52422565 0.221999883652
1635009328.93 -0.488563627005 0.66756105423 0.423916578293 -0.17744917 -0.52422565 0.174999952316
1635009328.94 -0.488093703985 0.667202830315 0.42493635416 -0.17744917 -0.52422565 0.00799989700317
1635009329.49 -0.48993563652 0.674449026585 0.424265265465 -0.17744917 -0.52422565 0.516999959946
1635009340.86 -0.496519893408 0.572727501392 0.411934733391 -0.17744917 -0.52422565 0.213000059128
1635009342.32 -0.40156468749 0.521028101444 0.306640058756 -0.17744917 -0.52422565 0.421000003815
1635009342.34 -0.401094257832 0.533080637455 0.307246476412 -0.17744917 -0.52422565 0.0090000629425
1635009343.31 -0.354782193899 0.639968812466 0.379483580589 -0.17744917 -0.52422565 0.895999908447
1635009367.23 -0.354701161385 0.482746571302 0.361144721508 -0.17744917 -0.52422565 0.175000190735
1635009386.43 -0.498694956303 0.522313714027 0.421110779047 -0.17744917 -0.52422565 0.87700009346
1635009401.55 -0.443308621645 0.478774785995 0.452843248844 -0.17744917 -0.52422565 0.167000055313
1635009406.24 -0.478616714478 0.70302593708 0.414959967136 0.2952474 -0.5720232 0.800000190735
1635009413.54 0.103039413691 0.53498005867 0.377067565918 0.2952474 -0.5720232 0.332000017166
1635009414.36 0.0585422851145 0.685454666615 0.400837957859 0.2952474 -0.5720232 0.266999959946
1635009426.09 0.0473094470799 0.457636296749 0.251618981361 0.2952474 -0.5720232 0.34700012207
1635009426.12 0.0482046380639 0.475944668055 0.248404711485 0.2952474 -0.5720232 0.0090000629425
1635009427.01 0.118686459959 0.606755137444 0.331959784031 0.2952474 -0.5720232 0.822000026703
1635009427.58 0.0801639929414 0.549788355827 0.392766267061 0.2952474 -0.5720232 0.191999912262
1635009436.17 -0.0326371006668 0.494583636522 0.316451579332 0.2952474 -0.5720232 0.0929999351501
1635009437.2 -0.0320844613016 0.674089133739 0.345070868731 0.2952474 -0.5720232 0.702999830246
1635009447.96 -0.00729540083557 0.642626881599 0.384661525488 0.2952474 -0.5720232 0.354999780655
1635009448.83 -0.0257961936295 0.646880447865 0.359818339348 0.2952474 -0.5720232 0.335999965668
1635009449.69 0.0272872000933 0.697672903538 0.401363313198 0.2952474 -0.5720232 0.491999864578
1635009449.93 0.0376938655972 0.708344936371 0.402448415756 0.2952474 -0.5720232 0.0759999752045
1635009461.84 -0.0295087676495 0.476374238729 0.352026730776 0.2952474 -0.5720232 0.0529999732971
1635009471.77 0.0291203446686 0.454626590014 0.402455359697 0.2952474 -0.5720232 0.496000051498
1635009498.32 0.104747079313 0.565576076508 0.369177997112 0.2952474 -0.5720232 0.529000043869
1635009499.49 0.0708454102278 0.674607038498 0.396935760975 0.2952474 -0.5720232 0.424999952316
1635009500.51 0.0810236036777 0.694002687931 0.391757249832 0.2952474 -0.5720232 0.474999904633
1635009515.92 -0.0321243293583 0.682524085045 0.314398765564 0.2952474 -0.5720232 1.01200008392
1635009516.33 -0.00861522555351 0.591234266758 0.265298992395 0.2952474 -0.5720232 0.217000007629
1635009567.66 0.0885551050305 0.457444369793 0.386576443911 0.2952474 -0.5720232 0.359999895096
1635009572.66 -0.00924201309681 0.699352920055 0.382847309113 0.2952474 -0.5720232 0.00799989700317
1635009573.54 -4.67356294394e-05 0.689410805702 0.39083597064 0.2952474 -0.5720232 0.147000074387
1635009576.03 0.0494119040668 0.547597169876 0.247648611665 0.2952474 -0.5720232 1.55500006676
1635009589.91 0.117515206337 0.535892248154 0.333532184362 0.2952474 -0.5720232 1.17100000381
1635009591.64 0.0528128631413 0.536744534969 0.401932388544 0.2952474 -0.5720232 1.33800005913
1635009614.2 0.079987667501 0.451353728771 0.395461946726 0.2952474 -0.5720232 0.283999919891
1635009653.66 0.0475297123194 0.462077438831 0.248961493373 0.2952474 -0.5720232 0.355000019073
1635009670.57 -0.0257572475821 0.582274496555 0.360516220331 0.2952474 -0.5720232 0.213000059128
1635009671.28 -0.0125822946429 0.670884907246 0.378604620695 0.2952474 -0.5720232 0.0169999599457
1635009672.18 0.0285129714757 0.626017391682 0.401913642883 0.2952474 -0.5720232 0.299999952316
1635009673.34 0.104055866599 0.620347201824 0.370056867599 0.2952474 -0.5720232 0.0840001106262
1635009673.48 0.091559804976 0.62995827198 0.384046703577 0.2952474 -0.5720232 0.00699996948242
1635009674.09 0.0650573521852 0.668792963028 0.366797626019 0.2234246 0.37942415 0.516999959946
1635009678.29 -0.0849405303597 0.492836385965 1.32744944096 0.2234246 0.37942415 0.164000034332
1635009678.94 -0.101227283478 0.687399804592 1.28808474541 0.2234246 0.37942415 0.375999927521
1635009680.49 -0.096711859107 0.681255102158 1.24818742275 0.2234246 0.37942415 1.2460000515
1635009689.62 0.0391947776079 0.623676419258 1.31576967239 0.2234246 0.37942415 0.200999975204
1635009690.66 -0.0216606110334 0.708637475967 1.35439217091 0.2234246 0.37942415 0.318000078201
1635009691.41 -0.0717533305287 0.452880471945 1.2167725563 0.2234246 0.37942415 0.399999856949
1635009700.13 -0.0978424400091 0.64353120327 1.25537443161 0.2234246 0.37942415 0.500999927521
1635009700.48 -0.0923030376434 0.681472837925 1.24243175983 0.2234246 0.37942415 0.100999832153
1635009703.67 0.038015268743 0.71025621891 1.23882615566 0.2234246 0.37942415 0.671999931335
1635009711.21 -0.101377509534 0.630287110806 1.28883838654 0.2234246 0.37942415 0.483999967575
1635009712.0 -0.101711697876 0.630607008934 1.2902033329 0.2234246 0.37942415 0.450000047684
1635009712.82 -0.064049333334 0.465505897999 1.20972156525 0.2234246 0.37942415 0.34099984169
1635009729.69 -0.057039834559 0.526183366776 1.34779036045 0.2234246 0.37942415 0.389000177383
1635009730.86 0.0485306233168 0.535138905048 1.26583731174 0.2234246 0.37942415 0.866999864578
1635009738.11 0.0403557382524 0.452462434769 1.31903088093 0.2234246 0.37942415 0.220999956131
1635009744.96 -0.0847504809499 0.665943324566 1.22974812984 0.2234246 0.37942415 0.417999982834
1635009746.21 -0.0793449059129 0.675505816936 1.2258399725 0.2234246 0.37942415 0.770999908447
1635009767.66 0.0465715490282 0.644451200962 1.26090657711 0.2234246 0.37942415 0.450999975204
1635009767.72 0.0467561259866 0.654469430447 1.25762820244 0.2234246 0.37942415 0.0130000114441
1635009767.84 0.0449824854732 0.655437171459 1.25619661808 0.2234246 0.37942415 0.0729999542236
1635009768.65 -0.0621733032167 0.503117799759 1.2114315033 0.2234246 0.37942415 0.21799993515
1635009774.45 -0.0752012729645 0.501514315605 1.21975791454 0.2234246 0.37942415 1.15900015831
1635009785.11 0.00257235579193 0.46350517869 1.20971250534 0.2234246 0.37942415 1.53600001335
1635009804.8 0.03599396348 0.481388837099 1.23528444767 0.2234246 0.37942415 0.108999967575
1635009824.11 -0.0544206425548 0.47324347496 1.20665740967 0.2234246 0.37942415 0.0419998168945
1635009850.63 -0.0754849016666 0.637913048267 1.23163855076 0.2620853 -0.053698316 1.21199989319
1635009859.05 -0.0461986474693 0.649132013321 0.895053625107 0.2620853 -0.053698316 0.906000137329
1635009859.31 -0.0434287302196 0.670252740383 0.897877156734 0.2620853 -0.053698316 0.0670001506805
1635009859.96 -0.0219868924469 0.66375285387 0.913239896297 0.2620853 -0.053698316 0.0589997768402
1635009860.61 -0.0227049663663 0.687605559826 0.91322696209 0.2620853 -0.053698316 0.384000062943
1635009862.25 0.0168100781739 0.447267115116 0.769605875015 0.2620853 -0.053698316 1.54499983788
1635009880.74 0.0568309016526 0.447515100241 0.907419979572 0.2620853 -0.053698316 0.396000146866
1635009887.93 -0.047691822052 0.63406342268 0.797377705574 0.2620853 -0.053698316 0.416999816895
1635009889.01 0.00482096802443 0.513670802116 0.76963353157 0.2620853 -0.053698316 0.167000055313
1635009890.49 0.0262080132961 0.657685875893 0.768037855625 0.2620853 -0.053698316 0.930999994278
1635009900.45 -0.0838095471263 0.449398934841 0.817237317562 0.2620853 -0.053698316 0.0230000019073
1635009902.34 -0.0548174083233 0.447440803051 0.800629496574 0.2620853 -0.053698316 0.188999891281
1635009904.45 -0.0482126548886 0.684012770653 0.797978818417 0.2620853 -0.053698316 1.68400001526
1635009904.95 -0.0512165278196 0.693527817726 0.803239345551 0.2620853 -0.053698316 0.134999990463
1635009905.35 -0.0515756681561 0.698775589466 0.802813231945 0.2620853 -0.053698316 0.258000135422
1635009906.12 -0.0649477615952 0.672872662544 0.84703785181 0.2620853 -0.053698316 0.351000070572
1635009906.71 -0.0641130208969 0.706537425518 0.836639165878 0.2620853 -0.053698316 0.134000062943
1635009907.73 -0.0614175088704 0.510306715965 0.866601526737 0.2620853 -0.053698316 0.174999952316
1635009920.92 0.0781551972032 0.452541351318 0.810146927834 0.2620853 -0.053698316 0.323999881744
1635009922.59 0.0343015640974 0.646756887436 0.771950423717 0.2620853 -0.053698316 1.10500001907
1635009936.2 -0.0155312679708 0.447435200214 0.773469090462 0.2620853 -0.053698316 0.65499997139
1635009937.76 -0.0333391875029 0.505329251289 0.779030442238 0.2620853 -0.053698316 1.10500001907
1635010002.5 0.0197248496115 0.542817890644 0.92059212923 0.2620853 -0.053698316 0.132999897003
1635010003.51 0.0764987468719 0.49910825491 0.882837831974 0.2620853 -0.053698316 0.276000022888
1635010004.43 0.0613762065768 0.686356306076 0.901479423046 0.2620853 -0.053698316 0.0910000801086
1635010005.66 -0.0433000922203 0.450250595808 0.793358206749 0.2620853 -0.053698316 0.684000015259
1635010017.74 0.00331190228462 0.598377048969 0.892390191555 -0.2663433 0.35075057 1.50900006294
1635010030.32 -0.520550966263 0.470731973648 1.3268853426 -0.2663433 0.35075057 1.84200000763
1635010040.01 -0.568342208862 0.474420040846 1.19724094868 -0.2663433 0.35075057 0.462999820709
1635010045.7 -0.459334403276 0.459747135639 1.30217254162 -0.2663433 0.35075057 1.96199989319
1635010054.46 -0.59033960104 0.622631788254 1.2680876255 -0.2663433 0.35075057 0.538000106812
1635010055.61 -0.592389941216 0.672183573246 1.25685036182 -0.2663433 0.35075057 0.443000078201
1635010057.25 -0.481697142124 0.494526207447 1.17984783649 -0.2663433 0.35075057 1.22000002861
1635010066.92 -0.552413761616 0.658937811852 1.18500053883 -0.2663433 0.35075057 0.506000041962
1635010067.56 -0.510265469551 0.69790071249 1.1761790514 -0.2663433 0.35075057 0.266999959946
1635010068.04 -0.519924283028 0.709393799305 1.1762932539 -0.2663433 0.35075057 0.329999923706
1635010069.64 -0.444330394268 0.47682800889 1.28599596024 -0.2663433 0.35075057 0.822999954224
1635010073.91 -0.440966963768 0.462605893612 1.2577880621 -0.2663433 0.35075057 0.0859999656677
1635010074.75 -0.447555482388 0.696340203285 1.28224480152 -0.2663433 0.35075057 0.495000123978
1635010076.06 -0.469719260931 0.457271456718 1.19097113609 -0.2663433 0.35075057 0.890999794006
1635010076.56 -0.528644502163 0.460383445024 1.1768951416 -0.2663433 0.35075057 0.15399980545
1635010076.58 -0.529136955738 0.456172376871 1.17709302902 -0.2663433 0.35075057 0.0169999599457
1635010077.52 -0.466369897127 0.646726727486 1.19541180134 -0.2663433 0.35075057 0.428000211716
1635010090.84 -0.45289516449 0.503539204597 1.30085372925 -0.2663433 0.35075057 0.171000003815
1635010110.32 -0.498141676188 0.503872931004 1.32773447037 -0.2663433 0.35075057 0.288000106812
1635010113.61 -0.539924263954 0.626023054123 1.32332992554 -0.2663433 0.35075057 0.294000148773
1635010114.99 -0.566404461861 0.459047794342 1.19139564037 -0.2663433 0.35075057 0.273999929428
1635010138.73 -0.50001168251 0.615603268147 1.32627570629 -0.2663433 0.35075057 0.338999986649
1635010141.33 -0.58241802454 0.665305554867 1.28928864002 -0.2663433 0.35075057 0.628000020981
1635010142.48 -0.565803349018 0.457790642977 1.19212961197 -0.2663433 0.35075057 0.208000183105
1635010147.34 -0.55552738905 0.459056138992 1.32114291191 -0.2663433 0.35075057 0.954999923706
1635010164.33 -0.44118514657 0.626325130463 1.24383068085 -0.2663433 0.35075057 0.274999856949
1635010165.4 -0.440581977367 0.653977811337 1.2372777462 -0.2663433 0.35075057 0.158999919891
1635010183.7 -0.47977361083 0.683597266674 1.21193814278 0.10470085 -0.21544941 1.26999998093
1635010198.45 -0.167936608195 0.477243036032 0.611538887024 0.10470085 -0.21544941 0.546999931335
1635010199.75 -0.170038491488 0.626882314682 0.612462520599 0.10470085 -0.21544941 1.05400013924
1635010205.43 -0.213680237532 0.45279109478 0.586746156216 0.10470085 -0.21544941 0.257999897003
1635010211.45 -0.0878238752484 0.447354197502 0.730999529362 0.10470085 -0.21544941 0.191999912262
1635010222.94 -0.144361764193 0.517006635666 0.607561886311 0.10470085 -0.21544941 2.05099987984
1635010234.47 -0.204010859132 0.638992488384 0.634283721447 0.10470085 -0.21544941 1.72899985313
1635010251.82 -0.0798227936029 0.495394647121 0.645893216133 0.10470085 -0.21544941 0.111000061035
1635010253.4 -0.083479590714 0.624156117439 0.641194820404 0.10470085 -0.21544941 0.84700012207
1635010270.23 -0.221637323499 0.690979242325 0.696748018265 0.10470085 -0.21544941 0.491999864578
1635010280.57 -0.206694498658 0.46375438571 0.733910918236 0.10470085 -0.21544941 1.96300005913
1635010347.38 -0.0714497119188 0.461796730757 0.66807359457 0.10470085 -0.21544941 1.03499984741
1635010359.76 -0.122240573168 0.539275527 0.755956947803 0.10470085 -0.21544941 0.0920000076294
1635010362.41 -0.0982146188617 0.486791551113 0.625815153122 0.10470085 -0.21544941 0.391999959946
1635010369.92 -0.208496242762 0.520183146 0.727782666683 0.10470085 -0.21544941 0.332999944687
1635010369.93 -0.207664877176 0.517747700214 0.730118453503 0.10470085 -0.21544941 0.00800013542175
1635010370.91 -0.198796719313 0.640528619289 0.696862578392 -0.18986528 0.7653463 0.834000110626
1635010383.98 -0.389990746975 0.641429901123 1.72917771339 -0.18986528 0.7653463 1.13100004196
1635010385.71 -0.456595629454 0.504097700119 1.5933110714 -0.18986528 0.7653463 0.496000051498
1635010395.55 -0.366463780403 0.661116600037 1.6889923811 -0.18986528 0.7653463 0.250999927521
1635010396.55 -0.362309545279 0.675422310829 1.6686604023 -0.18986528 0.7653463 0.22400021553
1635010397.74 -0.508581399918 0.474717646837 1.62189030647 -0.18986528 0.7653463 0.711999893188
1635010399.49 -0.472784757614 0.627536952496 1.73392772675 -0.18986528 0.7653463 0.575999975204
1635010400.79 -0.506700336933 0.634483933449 1.6988735199 -0.18986528 0.7653463 0.673999786377
1635010405.85 -0.480243831873 0.629102408886 1.60289824009 -0.18986528 0.7653463 2.52399992943
1635010420.07 -0.363549768925 0.666729271412 1.664275527 -0.18986528 0.7653463 0.59500002861
1635010422.69 -0.382538229227 0.695953547955 1.71719825268 -0.18986528 0.7653463 0.480000019073
1635010424.14 -0.555076479912 0.487028032541 1.70188212395 -0.18986528 0.7653463 0.934000015259
1635010425.42 -0.482039302588 0.703266680241 1.72780120373 -0.18986528 0.7653463 0.0999999046326
1635010426.39 -0.510839700699 0.647857666016 1.64504432678 -0.18986528 0.7653463 0.786000013351
1635010451.58 -0.362448334694 0.526208758354 1.66630911827 -0.18986528 0.7653463 0.0420000553131
1635010451.98 -0.403001964092 0.456370741129 1.59770190716 -0.18986528 0.7653463 0.257999897003
1635010488.01 -0.497773557901 0.506774127483 1.61734497547 -0.18986528 0.7653463 0.68700003624
1635010488.84 -0.448790132999 0.650263667107 1.61230647564 -0.16924964 -0.32622725 0.532999992371
1635010493.29 -0.480640649796 0.474590599537 0.528631150723 -0.16924964 -0.32622725 0.713999986649
1635010493.39 -0.490930944681 0.471289426088 0.536781489849 -0.16924964 -0.32622725 0.00600004196167
1635010495.34 -0.445189595222 0.52686226368 0.501234352589 -0.16924964 -0.32622725 1.23699998856
1635010503.84 -0.49195086956 0.492763876915 0.611270487309 -0.16924964 -0.32622725 0.260999917984
1635010505.14 -0.49204158783 0.676981627941 0.602258384228 -0.16924964 -0.32622725 0.644999980927
1635010522.02 -0.429741889238 0.465700775385 0.498133540154 -0.16924964 -0.32622725 1.70900011063
1635010531.9 -0.484246045351 0.477749288082 0.625199973583 -0.16924964 -0.32622725 0.0090000629425
1635010534.95 -0.462883710861 0.696535825729 0.637781858444 -0.16924964 -0.32622725 0.705999851227
1635010535.89 -0.4221393466 0.461387097836 0.497767746449 -0.16924964 -0.32622725 0.395999908447
1635010537.18 -0.35022354126 0.510878920555 0.547907650471 -0.16924964 -0.32622725 0.891999959946
1635010537.22 -0.33446714282 0.48331707716 0.543353974819 -0.16924964 -0.32622725 0.0190000534058
1635010549.39 -0.348758518696 0.457428663969 0.538456499577 -0.16924964 -0.32622725 0.496000051498
1635010550.66 -0.35279583931 0.639136493206 0.540879845619 -0.16924964 -0.32622725 0.789000034332
1635010571.27 -0.495502173901 0.46674194932 0.557713866234 -0.16924964 -0.32622725 0.334000110626
1635010613.73 -0.348707437515 0.611246347427 0.594529569149 -0.16924964 -0.32622725 0.287000179291
1635010615.02 -0.355094820261 0.675666153431 0.609842598438 -0.16924964 -0.32622725 0.210000038147
1635010616.95 -0.344574660063 0.493245601654 0.559650540352 -0.16924964 -0.32622725 0.050999879837
1635010617.11 -0.378502845764 0.46269723773 0.50915569067 -0.16924964 -0.32622725 0.144000053406
1635010623.35 -0.470597833395 0.52241230011 0.632743179798 -0.16924964 -0.32622725 0.25200009346
1635010624.97 -0.448200851679 0.586255311966 0.623953342438 -0.09446719 0.5735385 1.51700019836
1635010633.23 -0.283661484718 0.485826969147 1.52572977543 -0.09446719 0.5735385 0.171999931335
1635010635.83 -0.369639545679 0.499428898096 1.40355837345 -0.09446719 0.5735385 1.47099995613
1635010640.32 -0.379221767187 0.698181450367 1.40806317329 -0.09446719 0.5735385 0.452000141144
1635010640.97 -0.2801861763 0.558858454227 1.43172514439 -0.09446719 0.5735385 0.278000116348
1635010642.05 -0.326754182577 0.529540300369 1.54845535755 -0.09446719 0.5735385 0.793999910355
1635010645.03 -0.280273705721 0.653019607067 1.43335080147 -0.09446719 0.5735385 0.170000076294
1635010650.98 -0.318286627531 0.708767235279 1.40336716175 -0.09446719 0.5735385 0.817000150681
1635010659.07 -0.358079344034 0.474158406258 1.54997229576 -0.09446719 0.5735385 0.270999908447
1635010660.86 -0.315873980522 0.496878027916 1.54678380489 -0.09446719 0.5735385 1.27900004387
1635010666.92 -0.268613040447 0.556475579739 1.48036360741 -0.09446719 0.5735385 0.126000165939
1635010688.76 -0.36222705245 0.605035662651 1.40137350559 -0.09446719 0.5735385 0.546000003815
1635010688.98 -0.359174519777 0.609140813351 1.40059018135 -0.09446719 0.5735385 0.0909998416901
1635010690.65 -0.351538330317 0.683289647102 1.39920496941 -0.09446719 0.5735385 0.225999832153
1635010691.64 -0.394257545471 0.672895669937 1.41730189323 -0.09446719 0.5735385 0.309000015259
1635010693.21 -0.272801756859 0.457927882671 1.5069218874 -0.09446719 0.5735385 1.43400001526
1635010704.6 -0.41840454936 0.460489928722 1.46279728413 -0.09446719 0.5735385 0.40499997139
1635010720.74 -0.416380614042 0.490518450737 1.43763256073 -0.09446719 0.5735385 2.21500015259
1635010782.04 -0.269384950399 0.655994713306 1.4844571352 -0.09446719 0.5735385 0.476000070572
1635010783.68 -0.273377776146 0.649402737617 1.49779272079 -0.056294885 0.100302786 0.510999917984
1635010790.3 -0.357989311218 0.490494906902 1.05860042572 -0.056294885 0.100302786 1.78200006485
1635010798.76 -0.377098828554 0.455116719007 0.963184535503 -0.056294885 0.100302786 0.289000034332
1635010798.8 -0.381782889366 0.453221410513 0.959420144558 -0.056294885 0.100302786 0.0280001163483
1635010810.12 -0.279040127993 0.657030344009 1.07178938389 -0.056294885 0.100302786 0.629999876022
1635010811.12 -0.231033444405 0.500873982906 0.992973983288 -0.056294885 0.100302786 0.424000024796
1635010823.51 -0.379066050053 0.493607372046 1.02329802513 -0.056294885 0.100302786 0.226000070572
1635010833.78 -0.384097248316 0.479942917824 1.00412762165 -0.056294885 0.100302786 1.08099985123
1635010840.5 -0.28347414732 0.469279646873 0.929075717926 -0.056294885 0.100302786 0.209999799728
1635010840.8 -0.359423130751 0.457140803337 0.944567620754 -0.056294885 0.100302786 0.269000053406
1635010849.06 -0.275003373623 0.64532238245 0.932010412216 -0.056294885 0.100302786 0.53200006485
1635010865.15 -0.351457357407 0.518200874329 1.06402122974 -0.056294885 0.100302786 0.527000188828
1635010867.0 -0.255425661802 0.511868715286 1.05540788174 -0.056294885 0.100302786 1.11899995804
1635010879.75 -0.307407408953 0.509201824665 0.923642098904 -0.056294885 0.100302786 0.266000032425
1635010880.44 -0.238580614328 0.529355406761 0.969825446606 -0.056294885 0.100302786 0.253000020981
1635010883.35 -0.382364690304 0.651802420616 0.988529622555 -0.056294885 0.100302786 2.58399987221
1635010888.53 -0.375709652901 0.457980155945 1.04966270924 -0.056294885 0.100302786 0.0590000152588
1635010889.71 -0.323265761137 0.449885189533 1.07801830769 -0.056294885 0.100302786 1.10100007057
1635010940.67 -0.376402318478 0.532550573349 1.03149092197 -0.056294885 0.100302786 0.500999927521
1635010949.63 -0.287430673838 0.558368802071 0.92756319046 -0.056294885 0.100302786 0.200000047684
1635010951.49 -0.267135053873 0.552544593811 0.934991300106 -0.056294885 0.100302786 0.157999992371
1635010953.14 -0.247675225139 0.653891921043 1.04683148861 -0.056294885 0.100302786 0.634999990463
1635010953.31 -0.234896913171 0.6834217906 1.02149569988 -0.056294885 0.100302786 0.125
1635010954.87 -0.240769669414 0.660197675228 1.02177989483 -0.28803477 0.70681477 0.509999990463
1635010962.67 -0.607517004013 0.640422046185 1.57840204239 -0.28803477 0.70681477 1.09699988365
1635010964.19 -0.458394706249 0.522285223007 1.60433495045 -0.28803477 0.70681477 1.2539999485
1635010987.76 -0.538948178291 0.459378451109 1.53041946888 -0.28803477 0.70681477 2.34299993515
1635011001.76 -0.488336354494 0.634079635143 1.55041491985 -0.28803477 0.70681477 1.46700000763
1635011009.14 -0.533809840679 0.471548944712 1.53053569794 -0.28803477 0.70681477 0.486000061035
1635011014.83 -0.462008804083 0.558976948261 1.5911898613 -0.28803477 0.70681477 1.7009999752
1635011039.24 -0.551518440247 0.478614270687 1.53322899342 -0.28803477 0.70681477 0.387000083923
1635011042.46 -0.528291881084 0.720297813416 1.52724730968 -0.28803477 0.70681477 0.233000040054
1635011042.5 -0.524430334568 0.718546926975 1.53395867348 -0.28803477 0.70681477 0.0270001888275
1635011042.52 -0.521846711636 0.716698825359 1.53439295292 -0.28803477 0.70681477 0.0130000114441
1635011049.98 -0.472194820642 0.57831543684 1.56800329685 -0.28803477 0.70681477 0.202000141144
1635011052.19 -0.562055945396 0.526882588863 1.53662109375 -0.28803477 0.70681477 0.137000083923
