1635009253.24 -0.494498074055 0.468415826559 0.408218353987 -0.17744917 -0.52422565
1635009293.1 -0.434311032295 0.702252566814 0.443660110235 -0.17744917 -0.52422565
1635009301.98 -0.402885884047 0.691372573376 0.394936054945 -0.17744917 -0.52422565
1635009329.48 -0.488067686558 0.673042356968 0.423797905445 -0.17744917 -0.52422565
1635009343.0 -0.392737239599 0.692957341671 0.367425471544 -0.17744917 -0.52422565
1635009406.23 -0.478616714478 0.70302593708 0.414959967136 -0.17744917 -0.52422565
1635009426.84 0.0729481875896 0.649379968643 0.319857567549 0.2952474 -0.5720232
1635009437.01 -0.018757596612 0.672935009003 0.331707090139 0.2952474 -0.5720232
1635009515.83 -0.0186771955341 0.680579066277 0.313757866621 0.2952474 -0.5720232
1635009574.97 0.0758184939623 0.662296235561 0.342464655638 0.2952474 -0.5720232
1635009590.82 0.0594969987869 0.677666425705 0.320529162884 0.2952474 -0.5720232
1635009674.08 0.0665829852223 0.668618023396 0.367872774601 0.2952474 -0.5720232
1635009679.75 -0.0698311701417 0.654233574867 1.29452013969 0.2234246 0.37942415
1635009703.5 0.0318981260061 0.706125497818 1.24034547806 0.2234246 0.37942415
1635009730.58 -0.0387416929007 0.660086750984 1.30399155617 0.2234246 0.37942415
1635009745.94 -0.074334025383 0.67617815733 1.2302749157 0.2234246 0.37942415
1635009784.26 -0.0916166752577 0.684499442577 1.26229298115 0.2234246 0.37942415
1635009850.62 -0.0753756090999 0.637883424759 1.23174631596 0.2234246 0.37942415
1635009861.21 -0.0209277104586 0.684910655022 0.908384740353 0.2620853 -0.053698316
1635009890.06 0.0214101802558 0.674779057503 0.801207661629 0.2620853 -0.053698316
1635009903.85 -0.0361391529441 0.663356006145 0.805917561054 0.2620853 -0.053698316
1635009922.07 0.0364047400653 0.663557291031 0.794246256351 0.2620853 -0.053698316
1635009937.24 0.0672553628683 0.670626282692 0.821572780609 0.2620853 -0.053698316
1635010017.74 0.00331190228462 0.598377048969 0.892390191555 0.2620853 -0.053698316
1635010029.22 -0.485938817263 0.68757969141 1.27675306797 -0.2663433 0.35075057
1635010044.25 -0.552613019943 0.675918340683 1.29519164562 -0.2663433 0.35075057
1635010056.54 -0.517761707306 0.669843375683 1.24701440334 -0.2663433 0.35075057
1635010069.32 -0.551584005356 0.65425568819 1.20535004139 -0.2663433 0.35075057
1635010141.2 -0.56320476532 0.670173466206 1.28714799881 -0.2663433 0.35075057
1635010183.7 -0.479556232691 0.68246525526 1.2134103775 -0.2663433 0.35075057
1635010199.29 -0.147978022695 0.68392509222 0.640706837177 0.10470085 -0.21544941
1635010222.32 -0.184096217155 0.659767627716 0.699551045895 0.10470085 -0.21544941
1635010234.06 -0.191271722317 0.694757819176 0.674724459648 0.10470085 -0.21544941
1635010253.06 -0.0811514854431 0.635423839092 0.659021735191 0.10470085 -0.21544941
1635010279.66 -0.0836400389671 0.698907375336 0.688983500004 0.10470085 -0.21544941
1635010370.9 -0.198839321733 0.640379011631 0.697421967983 0.10470085 -0.21544941
1635010383.97 -0.390920907259 0.642543971539 1.72686398029 -0.18986528 0.7653463
1635010399.42 -0.472401559353 0.628254890442 1.72408771515 -0.18986528 0.7653463
1635010403.83 -0.45974817872 0.693612158298 1.65975785255 -0.18986528 0.7653463
1635010405.84 -0.479172408581 0.635182261467 1.60537540913 -0.18986528 0.7653463
1635010426.12 -0.47693926096 0.693145215511 1.68168950081 -0.18986528 0.7653463
1635010488.83 -0.449224680662 0.650291502476 1.61224412918 -0.18986528 0.7653463
1635010494.91 -0.436622351408 0.643152415752 0.545903623104 -0.16924964 -0.32622725
1635010505.0 -0.473478794098 0.686331808567 0.585344195366 -0.16924964 -0.32622725
1635010521.41 -0.462750077248 0.650880515575 0.606089770794 -0.16924964 -0.32622725
1635010536.85 -0.400658041239 0.696457386017 0.571723043919 -0.16924964 -0.32622725
1635010550.38 -0.353961706161 0.682046055794 0.576158881187 -0.16924964 -0.32622725
1635010624.96 -0.449524998665 0.586290836334 0.624056279659 -0.16924964 -0.32622725
1635010634.87 -0.320396542549 0.681319475174 1.4908298254 -0.09446719 0.5735385
1635010650.66 -0.316963076591 0.692731976509 1.41558134556 -0.09446719 0.5735385
1635010660.09 -0.379182189703 0.680004775524 1.51602947712 -0.09446719 0.5735385
1635010692.29 -0.348991543055 0.673706114292 1.44244515896 -0.09446719 0.5735385
1635010720.02 -0.305066019297 0.680553793907 1.45639443398 -0.09446719 0.5735385
1635010783.67 -0.274159818888 0.64887201786 1.49728250504 -0.09446719 0.5735385
1635010789.74 -0.280446499586 0.660708785057 0.992778658867 -0.056294885 0.100302786
1635010833.2 -0.273085266352 0.684044063091 0.942017257214 -0.056294885 0.100302786
1635010866.39 -0.344730198383 0.69596940279 1.05038380623 -0.056294885 0.100302786
1635010881.31 -0.288913160563 0.684614241123 0.966951787472 -0.056294885 0.100302786
1635010883.32 -0.37856143713 0.661637842655 0.99202555418 -0.056294885 0.100302786
1635010954.87 -0.24067287147 0.660269200802 1.02167010307 -0.056294885 0.100302786
1635010963.45 -0.54339915514 0.69650387764 1.57502925396 -0.28803477 0.70681477
1635010986.47 -0.499142348766 0.639622330666 1.59491479397 -0.28803477 0.70681477
1635011001.35 -0.515689790249 0.671306014061 1.53898656368 -0.28803477 0.70681477
1635011014.12 -0.519688248634 0.624385595322 1.59522771835 -0.28803477 0.70681477
