1637425839.5 -0.413490235806 0.67151093483 0.381429731846 -0.17744917 -0.52422565
1637425865.73 -0.389513641596 0.678686738014 0.305950403214 -0.17744917 -0.52422565
1637425883.42 -0.428881525993 0.670141756535 0.427608370781 -0.17744917 -0.52422565
1637425903.08 -0.38465103507 0.675634205341 0.352486312389 -0.17744917 -0.52422565
1637425937.76 -0.460950106382 0.669111132622 0.381533652544 -0.17744917 -0.52422565
1637425939.77 -0.418878018856 0.686690092087 0.339269816875 -0.17744917 -0.52422565
1637425955.99 -0.475159019232 0.660113155842 0.390085369349 -0.17744917 -0.52422565
1637425957.99 -0.398978799582 0.650187373161 0.395311206579 -0.17744917 -0.52422565
1637425982.76 -0.437184482813 0.685971975327 0.418153256178 -0.17744917 -0.52422565
1637426022.52 -0.445795804262 0.631662786007 0.26487493515 -0.17744917 -0.52422565
1637426038.61 -0.314334094524 0.671910643578 0.983706831932 -0.08943177 0.12700048
1637426070.54 -0.399139761925 0.652387976646 1.02274513245 -0.08943177 0.12700048
1637426081.62 -0.361988157034 0.67526948452 1.02594399452 -0.08943177 0.12700048
1637426083.71 -0.267409414053 0.677373290062 0.914304494858 -0.08943177 0.12700048
1637426110.12 -0.292602628469 0.69846200943 1.05235278606 -0.08943177 0.12700048
1637426179.62 -0.283669143915 0.670750975609 1.04217791557 -0.08943177 0.12700048
1637426190.95 -0.341286987066 0.668119847775 0.972404420376 -0.08943177 0.12700048
1637426229.7 -0.312103778124 0.631368637085 0.910888910294 -0.08943177 0.12700048
1637426244.49 -0.357006549835 0.688994288445 1.01847338676 -0.08943177 0.12700048
1637426272.24 -0.442560225725 0.681514263153 0.960106909275 -0.08943177 0.12700048
1637426301.54 -0.0667989775538 0.659736096859 1.55503284931 0.16614868 0.65706384
1637426370.43 -0.0743959844112 0.671163320541 1.56661641598 0.16614868 0.65706384
1637426397.61 -0.123252309859 0.683062434196 1.5624679327 0.16614868 0.65706384
1637426408.25 -0.134754240513 0.657331764698 1.59033739567 0.16614868 0.65706384
1637426424.35 -0.128155767918 0.677518844604 1.49988758564 0.16614868 0.65706384
1637426458.79 -0.178049251437 0.627340614796 1.47622835636 0.16614868 0.65706384
1637426467.66 -0.0960760712624 0.645690143108 1.51235806942 0.16614868 0.65706384
1637426486.26 -0.0114286653697 0.665176570415 1.59431815147 0.16614868 0.65706384
1637426496.44 -0.092360496521 0.704630970955 1.55143809319 0.16614868 0.65706384
1637426516.53 -0.127121686935 0.630497455597 1.60051035881 0.16614868 0.65706384
1637426527.82 -0.472155809402 0.664421796799 1.68103802204 -0.28053382 0.7370765
1637426544.36 -0.456165313721 0.652324855328 1.70551645756 -0.28053382 0.7370765
1637426563.27 -0.56297403574 0.662415206432 1.63885986805 -0.28053382 0.7370765
1637426582.1 -0.534016549587 0.695457160473 1.54746842384 -0.28053382 0.7370765
1637426586.29 -0.505117595196 0.674403488636 1.6263487339 -0.28053382 0.7370765
1637426630.02 -0.439615726471 0.641931831837 1.52655518055 -0.28053382 0.7370765
1637426632.78 -0.481478750706 0.671463608742 1.67780637741 -0.28053382 0.7370765
1637426656.9 -0.423160970211 0.694324016571 1.64370846748 -0.28053382 0.7370765
1637426668.59 -0.565290749073 0.671233534813 1.59677886963 -0.28053382 0.7370765
1637426670.6 -0.532156527042 0.688410639763 1.57864010334 -0.28053382 0.7370765
1637426709.57 -0.397525697947 0.693048775196 0.639357447624 -0.08191999 -0.2444398
1637426773.88 -0.362850993872 0.688594698906 0.663619637489 -0.08191999 -0.2444398
1637426795.62 -0.387933731079 0.698168754578 0.695524394512 -0.08191999 -0.2444398
1637426862.02 -0.359769791365 0.682218909264 0.699442923069 -0.08191999 -0.2444398
1637426879.07 -0.360026806593 0.698990106583 0.613238632679 -0.08191999 -0.2444398
1637426896.11 -0.280342638493 0.660681009293 0.547092437744 -0.08191999 -0.2444398
1637426899.82 -0.330577403307 0.690279006958 0.648906290531 -0.08191999 -0.2444398
1637426910.24 -0.33627513051 0.660051047802 0.630750536919 -0.08191999 -0.2444398
1637426921.84 -0.352742254734 0.652291417122 0.647643625736 -0.08191999 -0.2444398
1637426944.74 -0.227329164743 0.690774261951 0.729111373425 -0.08191999 -0.2444398
1637426963.52 -0.445573508739 0.69965493679 1.54918396473 -0.22399613 0.6814578
1637426965.52 -0.403568476439 0.645634829998 1.66781890392 -0.22399613 0.6814578
1637427003.13 -0.473838806152 0.653087973595 1.52191436291 -0.22399613 0.6814578
1637427018.66 -0.543749272823 0.670205414295 1.49163115025 -0.22399613 0.6814578
1637427031.33 -0.44154420495 0.675242841244 1.5523006916 -0.22399613 0.6814578
1637427048.14 -0.470589697361 0.651718914509 1.49529576302 -0.22399613 0.6814578
1637427061.16 -0.431195646524 0.661930382252 1.53464877605 -0.22399613 0.6814578
1637427078.45 -0.430262684822 0.635484516621 1.47252106667 -0.22399613 0.6814578
1637427094.77 -0.430764317513 0.653053045273 1.54956495762 -0.22399613 0.6814578
1637427134.46 -0.531172454357 0.630638003349 1.55777740479 -0.22399613 0.6814578
1637427153.45 -0.148694500327 0.690493524075 1.22305893898 0.1142145 0.28707355
1637427230.75 -0.151851326227 0.665863454342 1.21382856369 0.1142145 0.28707355
1637427239.83 -0.0613648034632 0.685030281544 1.19223833084 0.1142145 0.28707355
1637427283.05 -0.0793701782823 0.642113983631 1.0631865263 0.1142145 0.28707355
1637427285.87 -0.127619504929 0.637336969376 1.1934633255 0.1142145 0.28707355
1637427304.29 -0.0395066961646 0.665230691433 1.18479776382 0.1142145 0.28707355
1637427324.38 -0.0929888337851 0.673447668552 1.1758491993 0.1142145 0.28707355
1637427338.92 -0.0840040892363 0.646605551243 1.2335062027 0.1142145 0.28707355
1637427352.36 -0.0881610065699 0.629357755184 1.14629709721 0.1142145 0.28707355
1637427368.31 -0.104184150696 0.639759659767 1.29691159725 0.1142145 0.28707355
1637427384.41 -0.204442724586 0.680731117725 0.148730441928 0.0032220306 -0.7570474
1637427447.97 -0.277157217264 0.691136658192 0.114814594388 0.0032220306 -0.7570474
1637427466.22 -0.275910586119 0.669514119625 0.184815049171 0.0032220306 -0.7570474
1637427480.96 -0.137457996607 0.624990046024 0.135400146246 0.0032220306 -0.7570474
1637427491.92 -0.258917629719 0.684193432331 0.195924073458 0.0032220306 -0.7570474
1637427493.93 -0.221161425114 0.66757619381 0.136050134897 0.0032220306 -0.7570474
1637427501.66 -0.32038590312 0.695950031281 0.152453899384 0.0032220306 -0.7570474
1637427518.48 -0.263408631086 0.666576981544 0.226325646043 0.0032220306 -0.7570474
1637427537.53 -0.309765487909 0.693805813789 0.142317116261 0.0032220306 -0.7570474
1637427552.73 -0.327760875225 0.640813112259 0.203044056892 0.0032220306 -0.7570474
1637427561.28 -0.484490245581 0.687039554119 0.490011662245 -0.20048155 -0.37964967
1637427563.29 -0.508281469345 0.697491168976 0.586258590221 -0.20048155 -0.37964967
