1637425797.9 -0.500082015991 0.470977008343 0.41036015749 -0.17744917 -0.52422565 0.213999986649
1637425816.08 -0.475272864103 0.471991807222 0.31114923954 -0.17744917 -0.52422565 0.411000013351
1637425837.97 -0.36088386178 0.471486657858 0.406292706728 -0.17744917 -0.52422565 0.0310001373291
1637425838.05 -0.355907618999 0.472656607628 0.388594537973 -0.17744917 -0.52422565 0.066999912262
1637425838.07 -0.354814320803 0.475418865681 0.384292185307 -0.17744917 -0.52422565 0.00999999046326
1637425840.57 -0.5997133255 0.48106867075 0.371722608805 -0.17744917 -0.52422565 1.71600008011
1637425842.03 -0.494938373566 0.465592741966 0.513736903667 -0.17744917 -0.52422565 0.724999904633
1637425865.73 -0.390001833439 0.678628742695 0.307228624821 -0.17744917 -0.52422565 1.50800013542
1637425865.99 -0.393806815147 0.674260318279 0.310633063316 -0.17744917 -0.52422565 0.217000007629
1637425866.7 -0.455494940281 0.650689721107 0.447595089674 -0.17744917 -0.52422565 0.567000150681
1637425878.4 -0.503270030022 0.496298134327 0.394413858652 -0.17744917 -0.52422565 0.0839998722076
1637425884.0 -0.57903444767 0.495457619429 0.393345862627 -0.17744917 -0.52422565 1.21399998665
1637425885.96 -0.519167304039 0.469491899014 0.14691491425 -0.17744917 -0.52422565 0.884000062943
1637425904.9 -0.481481015682 0.667006373405 0.431442379951 -0.17744917 -0.52422565 3.24699997902
1637425936.98 -0.39930409193 0.557355284691 0.307180345058 -0.17744917 -0.52422565 0.463000059128
1637425940.06 -0.410216212273 0.638201117516 0.304048717022 -0.17744917 -0.52422565 2.85899996758
1637425954.16 -0.412909418344 0.476998627186 0.234153732657 -0.17744917 -0.52422565 0.559000015259
1637425958.25 -0.395306140184 0.467560321093 0.444463700056 -0.17744917 -0.52422565 2.76399993896
1637425981.93 -0.471916079521 0.650539815426 0.439167410135 -0.17744917 -0.52422565 0.612999916077
1637425983.34 -0.54305523634 0.484894424677 0.277936369181 -0.17744917 -0.52422565 1.09800004959
1637425983.36 -0.542313158512 0.479470789433 0.275100320578 -0.17744917 -0.52422565 0.0090000629425
1637425997.94 -0.494174212217 0.525536417961 0.238400712609 -0.17744917 -0.52422565 0.508000135422
1637426021.43 -0.525949716568 0.546154856682 0.258987545967 -0.17744917 -0.52422565 0.433000087738
1637426022.53 -0.444720864296 0.631571650505 0.265071898699 -0.08943177 0.12700048 0.516999959946
1637426037.7 -0.32278162241 0.664266645908 0.952178061008 -0.08943177 0.12700048 0.483000040054
1637426039.22 -0.192056208849 0.504005491734 0.988880693913 -0.08943177 0.12700048 1.117000103
1637426054.73 -0.409397274256 0.461711585522 1.16134381294 -0.08943177 0.12700048 0.517999887466
1637426070.02 -0.474485695362 0.655701935291 1.09484124184 -0.08943177 0.12700048 0.0250000953674
1637426070.73 -0.411081969738 0.645375192165 1.00058174133 -0.08943177 0.12700048 0.700999975204
1637426078.59 -0.335183173418 0.529788196087 0.951684594154 -0.08943177 0.12700048 0.25200009346
1637426079.6 -0.407769531012 0.612814903259 0.992989480495 -0.08943177 0.12700048 0.743000030518
1637426080.23 -0.413238197565 0.655480146408 1.00699174404 -0.08943177 0.12700048 0.342000007629
1637426080.73 -0.377348840237 0.685918152332 0.961895465851 -0.08943177 0.12700048 0.0999999046326
1637426083.72 -0.26701259613 0.676353394985 0.91367483139 -0.08943177 0.12700048 2.61199998856
1637426099.04 -0.341116249561 0.456884860992 1.10268199444 -0.08943177 0.12700048 0.519999980927
1637426104.94 -0.403174608946 0.458977073431 0.98482054472 -0.08943177 0.12700048 0.388000011444
1637426108.26 -0.322686046362 0.664533793926 0.953532934189 -0.08943177 0.12700048 0.805000066757
1637426108.85 -0.271866053343 0.653120517731 0.99467921257 -0.08943177 0.12700048 0.353000164032
1637426111.46 -0.280136376619 0.524908006191 0.889768838882 -0.08943177 0.12700048 1.93400001526
1637426125.54 -0.474901676178 0.483015120029 0.949567973614 -0.08943177 0.12700048 0.108999967575
1637426144.53 -0.429051786661 0.481096148491 0.905160427094 -0.08943177 0.12700048 0.508999824524
1637426145.24 -0.405469805002 0.468114167452 0.891962885857 -0.08943177 0.12700048 0.407999992371
1637426172.45 -0.390219628811 0.465779453516 1.08343839645 -0.08943177 0.12700048 0.547999858856
1637426174.78 -0.299925357103 0.538463115692 0.963193416595 -0.08943177 0.12700048 0.861999988556
1637426179.77 -0.264502376318 0.677930414677 1.0272923708 -0.08943177 0.12700048 0.881000041962
1637426188.03 -0.414178043604 0.499841809273 1.0045889616 -0.08943177 0.12700048 0.763000011444
1637426192.85 -0.275878041983 0.464168190956 0.891031801701 -0.08943177 0.12700048 2.73799991608
1637426209.39 -0.367833435535 0.513877809048 0.879852771759 -0.08943177 0.12700048 0.425000190735
1637426228.82 -0.361908644438 0.542574763298 0.877525568008 -0.08943177 0.12700048 0.608999967575
1637426229.71 -0.309832602739 0.629492998123 0.911720812321 -0.08943177 0.12700048 0.517000198364
1637426243.72 -0.326376020908 0.52164465189 0.952326893806 -0.08943177 0.12700048 0.555000066757
1637426246.09 -0.327034056187 0.656694889069 0.877414643764 -0.08943177 0.12700048 2.09699988365
1637426255.27 -0.28720420599 0.621314764023 0.886281371117 -0.08943177 0.12700048 0.532999992371
1637426271.05 -0.486727744341 0.533411026001 1.06077992916 -0.08943177 0.12700048 0.467000007629
1637426272.25 -0.444095253944 0.68153244257 0.958723783493 0.16614868 0.65706384 0.900000095367
1637426300.16 -0.165207892656 0.461871087551 1.6381611824 0.16614868 0.65706384 0.671999931335
1637426302.69 -0.174566924572 0.61737370491 1.43726968765 0.16614868 0.65706384 1.65100002289
1637426324.5 -0.144177034497 0.536314070225 1.69424211979 0.16614868 0.65706384 0.460000038147
1637426325.26 -0.213752552867 0.553425312042 1.48018372059 0.16614868 0.65706384 0.724999904633
1637426340.59 -0.147592663765 0.51862102747 1.69533622265 0.16614868 0.65706384 0.592000007629
1637426342.06 -0.235680386424 0.621885240078 1.52798366547 0.16614868 0.65706384 0.667999982834
1637426370.93 -0.00831599906087 0.644972801208 1.56987023354 0.16614868 0.65706384 0.99599981308
1637426399.82 -0.124539874494 0.483109503984 1.41025948524 0.16614868 0.65706384 2.71799993515
1637426406.21 -0.238673731685 0.460032314062 1.57464289665 0.16614868 0.65706384 0.157999992371
1637426410.12 -0.0986803770065 0.636140286922 1.48289000988 0.16614868 0.65706384 2.3789999485
1637426418.8 -0.000243218615651 0.543844938278 1.64580488205 0.16614868 0.65706384 0.704999923706
1637426425.42 -0.0869809165597 0.646213054657 1.40672290325 0.16614868 0.65706384 1.58699989319
1637426450.72 -0.076650492847 0.548273086548 1.70677876472 0.16614868 0.65706384 0.259000062943
1637426451.67 -0.234932780266 0.507698595524 1.57836997509 0.16614868 0.65706384 0.90099978447
1637426458.79 -0.178049251437 0.627340614796 1.47622835636 0.16614868 0.65706384 0.516999959946
1637426466.38 -0.109430849552 0.460647106171 1.63406455517 0.16614868 0.65706384 0.329999923706
1637426468.04 -0.211178377271 0.634746074677 1.47670376301 0.16614868 0.65706384 0.884000062943
1637426485.37 0.0176305603236 0.524330198765 1.66977739334 0.16614868 0.65706384 0.46799993515
1637426486.26 -0.0119866169989 0.66438049078 1.59243190289 0.16614868 0.65706384 0.700000047684
1637426487.01 -0.00764136761427 0.683020830154 1.56679928303 0.16614868 0.65706384 0.650000095367
1637426488.32 -0.154187843204 0.538379669189 1.52482998371 0.16614868 0.65706384 1.04699993134
1637426494.53 0.000325821340084 0.463310271502 1.65683460236 0.16614868 0.65706384 0.631000041962
1637426495.41 -0.0571107417345 0.549495220184 1.48565602303 0.16614868 0.65706384 0.0169999599457
1637426498.02 -0.162435561419 0.489389955997 1.68783593178 0.16614868 0.65706384 2.08000016212
1637426515.74 -0.0766867101192 0.579097688198 1.70736670494 0.16614868 0.65706384 0.399999856949
1637426516.53 -0.127121686935 0.630497455597 1.60051035881 -0.28053382 0.7370765 0.516999959946
1637426523.5 -0.496462643147 0.464528113604 1.57052993774 -0.28053382 0.7370765 0.815999984741
1637426525.02 -0.45887196064 0.633153378963 1.60512149334 -0.28053382 0.7370765 0.167999982834
1637426526.25 -0.571872889996 0.524445235729 1.70907139778 -0.28053382 0.7370765 0.786999940872
1637426528.43 -0.393275082111 0.520372152328 1.56803846359 -0.28053382 0.7370765 1.11100006104
1637426528.46 -0.390583097935 0.50563031435 1.5692679882 -0.28053382 0.7370765 0.0169999599457
1637426528.48 -0.387042075396 0.499289065599 1.56534266472 -0.28053382 0.7370765 0.0090000629425
1637426544.37 -0.453944504261 0.651426494122 1.70787084103 -0.28053382 0.7370765 1.47499990463
1637426557.83 -0.542741119862 0.526958763599 1.55885767937 -0.28053382 0.7370765 0.253000020981
1637426559.43 -0.453093439341 0.658739745617 1.63171434402 -0.28053382 0.7370765 0.50200009346
1637426561.07 -0.458507329226 0.637027621269 1.66614305973 -0.28053382 0.7370765 0.353000164032
1637426561.96 -0.452959895134 0.692833721638 1.64480435848 -0.28053382 0.7370765 0.495000123978
1637426564.15 -0.633012235165 0.666020035744 1.5292069912 -0.28053382 0.7370765 1.38400006294
1637426564.86 -0.587335824966 0.696319282055 1.49901008606 -0.28053382 0.7370765 0.40900015831
1637426582.11 -0.532001018524 0.695670187473 1.5492784977 -0.28053382 0.7370765 1.59299993515
1637426582.87 -0.451641887426 0.63601577282 1.64595961571 -0.28053382 0.7370765 0.483999967575
1637426587.61 -0.485110789537 0.530780494213 1.4931075573 -0.28053382 0.7370765 1.82399988174
1637426612.61 -0.340857744217 0.464024960995 1.66335272789 -0.28053382 0.7370765 1.36699986458
1637426628.2 -0.573625504971 0.539258122444 1.49326872826 -0.28053382 0.7370765 0.625
1637426630.02 -0.438371390104 0.641635477543 1.52621841431 -0.28053382 0.7370765 0.516999959946
1637426633.89 -0.44504532218 0.539469897747 1.51229691505 -0.28053382 0.7370765 1.61500000954
1637426650.55 -0.51940959692 0.509525477886 1.4849023819 -0.28053382 0.7370765 1.40100002289
1637426656.9 -0.423067003489 0.694040834904 1.6433532238 -0.28053382 0.7370765 1.17600011826
1637426666.01 -0.487997919321 0.604489684105 1.70079100132 -0.28053382 0.7370765 0.881000041962
1637426666.28 -0.458662956953 0.676441729069 1.66465997696 -0.28053382 0.7370765 0.257999897003
1637426666.93 -0.455148458481 0.659538984299 1.65763700008 -0.28053382 0.7370765 0.371000051498
1637426670.61 -0.53214007616 0.688623666763 1.57881402969 -0.08191999 -0.2444398 2.52500009537
1637426674.96 -0.27194288373 0.452996939421 0.604732394218 -0.08191999 -0.2444398 1.117000103
1637426686.36 -0.388870835304 0.462606161833 0.59980148077 -0.08191999 -0.2444398 0.487999916077
1637426708.42 -0.369966834784 0.510108351707 0.588505983353 -0.08191999 -0.2444398 0.837000131607
1637426709.97 -0.481418758631 0.628713786602 0.623775005341 -0.08191999 -0.2444398 0.912000179291
1637426775.13 -0.305331766605 0.617047965527 0.726521134377 -0.08191999 -0.2444398 1.75900006294
1637426784.66 -0.267196804285 0.457472652197 0.691940426826 -0.08191999 -0.2444398 0.018000125885
1637426784.69 -0.261869162321 0.456089615822 0.678479075432 -0.08191999 -0.2444398 0.0179998874664
1637426794.84 -0.402295589447 0.648522257805 0.686617493629 -0.08191999 -0.2444398 0.539000034332
1637426797.55 -0.457544535398 0.602812349796 0.741563796997 -0.08191999 -0.2444398 2.4350001812
1637426861.03 -0.268274217844 0.490975379944 0.707864522934 -0.08191999 -0.2444398 0.303999900818
1637426863.4 -0.385907322168 0.698426127434 0.602069139481 -0.08191999 -0.2444398 1.88399982452
1637426877.54 -0.406876951456 0.608287036419 0.673355221748 -0.08191999 -0.2444398 0.276000022888
1637426878.23 -0.407812654972 0.683668851852 0.640225708485 -0.08191999 -0.2444398 0.432999849319
1637426879.59 -0.380754709244 0.567225754261 0.510130226612 -0.08191999 -0.2444398 1.02900004387
1637426882.54 -0.455953359604 0.464668929577 0.546024918556 -0.08191999 -0.2444398 0.00799989700317
1637426883.25 -0.193307414651 0.45767429471 0.727255940437 -0.08191999 -0.2444398 0.65900015831
1637426896.11 -0.279918372631 0.661232292652 0.546573102474 -0.08191999 -0.2444398 1.05900001526
1637426900.45 -0.467950195074 0.482883960009 0.73270380497 -0.08191999 -0.2444398 1.1400001049
1637426910.85 -0.260510623455 0.656790733337 0.677683115005 -0.08191999 -0.2444398 1.87599992752
1637426920.31 -0.263575941324 0.45528653264 0.624489367008 -0.08191999 -0.2444398 0.267999887466
1637426922.58 -0.483253419399 0.595598101616 0.637715697289 -0.08191999 -0.2444398 1.35100007057
1637426923.54 -0.461404085159 0.663759052753 0.576955318451 -0.08191999 -0.2444398 0.21799993515
1637426924.61 -0.449913144112 0.460213720798 0.751710772514 -0.08191999 -0.2444398 0.125
1637426941.14 -0.180532515049 0.521489560604 0.642430186272 -0.08191999 -0.2444398 0.80899977684
1637426944.75 -0.22773860395 0.691433250904 0.728502571583 -0.22399613 0.6814578 0.517000198364
1637426949.41 -0.41560125351 0.457814157009 1.68969810009 -0.22399613 0.6814578 1.10899996758
1637426961.37 -0.514530420303 0.51151072979 1.66796350479 -0.22399613 0.6814578 0.952000141144
1637426962.26 -0.524806976318 0.674711287022 1.52778208256 -0.22399613 0.6814578 0.282999992371
1637426965.53 -0.401708364487 0.639840781689 1.66915082932 -0.22399613 0.6814578 2.51999998093
1637427004.76 -0.479289293289 0.530241787434 1.42917859554 -0.22399613 0.6814578 2.76699995995
1637427018.67 -0.543525099754 0.670218229294 1.49164497852 -0.22399613 0.6814578 1.25
1637427020.06 -0.502234995365 0.70402097702 1.51260745525 -0.22399613 0.6814578 0.775000095367
1637427030.48 -0.458068221807 0.66567337513 1.50801026821 -0.22399613 0.6814578 0.495000123978
1637427033.03 -0.398850649595 0.636772036552 1.45067954063 -0.22399613 0.6814578 2.20799994469
1637427048.15 -0.471396565437 0.652010381222 1.49350857735 -0.22399613 0.6814578 0.992000102997
1637427052.39 -0.52479827404 0.459152519703 1.64255857468 -0.22399613 0.6814578 0.647000074387
1637427062.36 -0.247745677829 0.461871981621 1.66624939442 -0.22399613 0.6814578 1.72499990463
1637427076.19 -0.544880747795 0.636150896549 1.44877922535 -0.22399613 0.6814578 1.04200005531
1637427078.46 -0.430056482553 0.633738219738 1.47414851189 -0.22399613 0.6814578 0.516999959946
1637427078.9 -0.395900070667 0.468419015408 1.57855367661 -0.22399613 0.6814578 0.275000095367
1637427095.34 -0.487485200167 0.498402059078 1.42836916447 -0.22399613 0.6814578 1.52399992943
1637427107.47 -0.575536668301 0.554074048996 1.47192132473 -0.22399613 0.6814578 1.60000014305
1637427134.47 -0.532288610935 0.630285978317 1.5557461977 0.1142145 0.28707355 1.75999999046
1637427151.18 -0.0604277029634 0.458846509457 1.19898152351 0.1142145 0.28707355 0.237999916077
1637427155.59 -0.0159409083426 0.461978673935 1.08664083481 0.1142145 0.28707355 2.64299988747
1637427163.97 -0.244865059853 0.454676955938 1.28996360302 0.1142145 0.28707355 0.492000102997
1637427188.83 -0.234930127859 0.513650655746 1.07020401955 0.1142145 0.28707355 0.525000095367
1637427200.95 -0.234791710973 0.480363577604 1.30286371708 0.1142145 0.28707355 0.483000040054
1637427215.91 -0.117830872536 0.456023305655 1.26534032822 0.1142145 0.28707355 0.341000080109
1637427231.12 -0.209995284677 0.613028168678 1.20317661762 0.1142145 0.28707355 1.19800019264
1637427238.99 -0.0972945690155 0.661971092224 1.25131428242 0.1142145 0.28707355 0.854000091553
1637427241.97 -0.266039192677 0.462641149759 1.10391449928 0.1142145 0.28707355 2.63900017738
1637427257.65 -0.029365029186 0.504317164421 1.29331874847 0.1142145 0.28707355 0.350999832153
1637427283.06 -0.0798790082335 0.643477857113 1.06252288818 0.1142145 0.28707355 0.517000198364
1637427287.11 -0.142772674561 0.458247244358 1.33718645573 0.1142145 0.28707355 1.73900008202
1637427288.6 -0.12190746516 0.460042148829 1.33781349659 0.1142145 0.28707355 0.625
1637427304.29 -0.039018124342 0.66596788168 1.18507421017 0.1142145 0.28707355 1.30900001526
1637427317.61 -0.0859638750553 0.456024050713 1.26892209053 0.1142145 0.28707355 0.446000099182
1637427323.47 -0.0502242669463 0.455072999001 1.21569216251 0.1142145 0.28707355 0.595999956131
1637427326.54 -0.285275638103 0.456681281328 1.16816794872 0.1142145 0.28707355 2.66400003433
1637427335.74 -0.0770592316985 0.491853177547 1.32682228088 0.1142145 0.28707355 0.525000095367
1637427339.61 -0.0609423592687 0.672140777111 1.17422354221 0.1142145 0.28707355 1.19200015068
1637427340.89 -0.13253569603 0.517717421055 1.26670384407 0.1142145 0.28707355 0.973999977112
1637427348.9 -0.17990681529 0.471431821585 1.12385821342 0.1142145 0.28707355 0.330000162125
1637427352.97 -0.0119209149852 0.522400736809 1.09705519676 0.1142145 0.28707355 1.73799991608
1637427368.32 -0.10421872139 0.641041815281 1.29662227631 0.0032220306 -0.7570474 0.608999967575
1637427380.92 -0.160983130336 0.512665867805 0.186876356602 0.0032220306 -0.7570474 0.771000146866
1637427386.48 -0.277052015066 0.462284237146 0.292067557573 0.0032220306 -0.7570474 2.57299995422
1637427413.23 -0.349368035793 0.650609910488 0.0294365789741 0.0032220306 -0.7570474 1.55100011826
1637427448.51 -0.317463994026 0.708399116993 0.109134435654 0.0032220306 -0.7570474 1.4279999733
1637427456.92 -0.216089725494 0.46268504858 0.214116871357 0.0032220306 -0.7570474 0.955000162125
1637427467.45 -0.331940829754 0.675096571445 0.270612895489 0.0032220306 -0.7570474 2.00099992752
1637427480.97 -0.137457996607 0.624990046024 0.135400146246 0.0032220306 -0.7570474 0.975000143051
1637427481.55 -0.18164229393 0.683300673962 0.111921466887 0.0032220306 -0.7570474 0.158999919891
1637427482.75 -0.290129035711 0.65771484375 0.207083597779 0.0032220306 -0.7570474 0.738000154495
1637427494.15 -0.282041728497 0.493640571833 0.212953478098 0.0032220306 -0.7570474 3.132999897
1637427502.58 -0.394037783146 0.670332193375 0.190095350146 0.0032220306 -0.7570474 1.4279999733
1637427503.67 -0.388740718365 0.559140205383 0.0842888057232 0.0032220306 -0.7570474 0.908999919891
1637427518.49 -0.26437997818 0.667083144188 0.225826337934 0.0032220306 -0.7570474 1.23399996758
1637427519.08 -0.297646403313 0.663267493248 0.201076984406 0.0032220306 -0.7570474 0.493000030518
1637427536.72 -0.32513409853 0.694237172604 0.140284895897 0.0032220306 -0.7570474 0.526000022888
1637427539.59 -0.337040901184 0.475404083729 0.26974850893 0.0032220306 -0.7570474 2.56900000572
1637427552.74 -0.327765285969 0.641179740429 0.202477633953 -0.20048155 -0.37964967 0.657999992371
1637427556.64 -0.442779958248 0.463269889355 0.597153186798 -0.20048155 -0.37964967 0.491999864578
1637427563.3 -0.509036958218 0.697374761105 0.586737215519 -0.20048155 -0.37964967 2.97599983215
