1637259527.96 -0.373113870621 0.577722847462 0.325111538172 -0.17744917 -0.52422565 0.228000164032
1637259545.07 -0.309059619904 0.459463447332 0.468134850264 -0.17744917 -0.52422565 3.45900011063
1637259588.45 -0.231997668743 0.502265930176 0.361507445574 -0.17744917 -0.52422565 1.05099987984
1637259592.61 -0.366299241781 0.686019122601 0.335686802864 -0.17744917 -0.52422565 1.40100002289
1637259593.3 -0.38384488225 0.686283051968 0.317243367434 -0.17744917 -0.52422565 0.0090000629425
1637259593.62 -0.363540172577 0.701139390469 0.340459167957 -0.17744917 -0.52422565 0.307999849319
1637259594.86 -0.291791558266 0.455976694822 0.439022809267 -0.17744917 -0.52422565 1.13400006294
1637259599.8 -0.521227955818 0.465694278479 0.497991502285 -0.17744917 -0.52422565 0.109000205994
1637259600.39 -0.537092030048 0.462865710258 0.483321249485 -0.17744917 -0.52422565 0.191999912262
1637259601.09 -0.572843015194 0.470610886812 0.427388578653 -0.17744917 -0.52422565 0.0260000228882
1637259601.17 -0.582083940506 0.470246315002 0.420345664024 -0.17744917 -0.52422565 0.0169999599457
1637259602.87 -0.579122304916 0.474197655916 0.343603640795 -0.17744917 -0.52422565 0.31200003624
1637259627.95 -0.574116587639 0.569136440754 0.334283292294 -0.17744917 -0.52422565 0.575000047684
1637259628.6 -0.533017218113 0.693150401115 0.317077487707 -0.17744917 -0.52422565 0.516999959946
1637259651.43 -0.528269827366 0.684146106243 0.316359192133 -0.17744917 -0.52422565 2.92600011826
1637259652.03 -0.35641682148 0.511734962463 0.395231336355 -0.17744917 -0.52422565 0.367000102997
1637259662.34 -0.35423412919 0.465610682964 0.289606034756 -0.17744917 -0.52422565 0.868999958038
1637259665.63 -0.581445276737 0.64105117321 0.375606864691 -0.17744917 -0.52422565 0.992000102997
1637259667.49 -0.541421592236 0.467580348253 0.47720849514 -0.17744917 -0.52422565 0.141000032425
1637259678.29 -0.548906862736 0.509328722954 0.283994913101 -0.17744917 -0.52422565 0.342000007629
1637259680.86 -0.346319377422 0.639398276806 0.376161396503 -0.17744917 -0.52422565 1.15899991989
1637259682.71 -0.367091536522 0.534556210041 0.419908612967 -0.17744917 -0.52422565 0.444999933243
1637259692.61 -0.419054031372 0.597251653671 0.526476919651 -0.17744917 -0.52422565 2.38400006294
1637259699.8 -0.542437493801 0.648687958717 0.432537138462 -0.14203992 0.026734194 0.517000198364
1637259711.13 -0.361580252647 0.45454543829 0.858227550983 -0.14203992 0.026734194 0.0260000228882
1637259711.21 -0.370340257883 0.462995350361 0.852417469025 -0.14203992 0.026734194 0.0759999752045
1637259711.53 -0.446000576019 0.460409104824 0.868522763252 -0.14203992 0.026734194 0.309000015259
1637259712.65 -0.381689608097 0.455547451973 1.00578296185 -0.14203992 0.026734194 0.480000019073
1637259721.15 -0.330527722836 0.45498213172 0.859251916409 -0.14203992 0.026734194 0.499000072479
1637259722.98 -0.525982320309 0.487604677677 0.856969058514 -0.14203992 0.026734194 1.34999990463
1637259726.99 -0.272521346807 0.45860144496 1.03183281422 -0.14203992 0.026734194 0.625
1637259737.47 -0.242238938808 0.473680406809 0.946816563606 -0.14203992 0.026734194 0.541000127792
1637259747.31 -0.361187517643 0.479114472866 0.780444979668 -0.14203992 0.026734194 0.992000102997
1637259748.61 -0.265092939138 0.611698210239 0.847420156002 -0.14203992 0.026734194 0.391999959946
1637259760.24 -0.457174777985 0.709687173367 1.02901756763 -0.14203992 0.026734194 0.516999959946
1637259761.79 -0.317491978407 0.675463020802 0.936611235142 -0.14203992 0.026734194 0.912000179291
1637259763.37 -0.345439344645 0.457165926695 0.784556150436 -0.14203992 0.026734194 1.16499996185
1637259763.39 -0.355005443096 0.457611471415 0.780938923359 -0.14203992 0.026734194 0.0170001983643
1637259763.49 -0.390871107578 0.459049969912 0.775918960571 -0.14203992 0.026734194 0.0750000476837
1637259765.18 -0.310590624809 0.453310489655 0.800357401371 -0.14203992 0.026734194 1.44199991226
1637259771.71 -0.542853236198 0.464710593224 0.940955579281 -0.14203992 0.026734194 0.783999919891
1637259773.87 -0.361879706383 0.623889565468 0.849742949009 -0.14203992 0.026734194 0.617000102997
1637259774.2 -0.34425675869 0.669606029987 0.869599163532 -0.14203992 0.026734194 0.174999952316
1637259776.36 -0.259576052427 0.454856902361 0.96661478281 -0.14203992 0.026734194 2.06299996376
1637259778.19 -0.359003961086 0.45970967412 0.85694372654 -0.14203992 0.026734194 1.21099996567
1637259788.41 -0.46785607934 0.544713199139 0.915898144245 -0.14203992 0.026734194 0.401000022888
1637259790.22 -0.394312679768 0.598264336586 1.07834076881 -0.14203992 0.026734194 1.52500009537
1637259796.37 -0.424669504166 0.707728564739 0.850618183613 -0.14203992 0.026734194 0.932999849319
1637259796.94 -0.318916767836 0.494605094194 0.953538119793 -0.14203992 0.026734194 0.292000055313
1637259803.52 -0.416882634163 0.620717525482 0.856137752533 -0.14203992 0.026734194 1.06299996376
1637259804.07 -0.461655914783 0.609349370003 0.895005047321 -0.14203992 0.026734194 0.351999998093
1637259805.13 -0.454546809196 0.658027172089 0.883036494255 -0.14203992 0.026734194 0.257999897003
1637259806.44 -0.523522615433 0.54542440176 1.00707888603 -0.14203992 0.026734194 0.967000007629
1637259814.09 -0.382945090532 0.599568128586 1.07712519169 -0.14203992 0.026734194 0.066999912262
1637259819.11 -0.537265956402 0.462961733341 0.971707999706 -0.14203992 0.026734194 0.241999864578
1637259819.17 -0.541821718216 0.470225840807 0.963625788689 -0.14203992 0.026734194 0.0090000629425
1637259821.82 -0.351476281881 0.662551283836 0.80619174242 -0.14203992 0.026734194 0.516999959946
1637259825.26 -0.536907672882 0.491805523634 0.884383678436 -0.14203992 0.026734194 1.18300008774
1637259827.07 -0.528369307518 0.69415384531 0.923142015934 0.094472714 -0.5654261 0.516999959946
1637259833.86 -0.238581627607 0.45864123106 0.461594879627 0.094472714 -0.5654261 1.52600002289
1637259833.88 -0.242325022817 0.458628892899 0.462139099836 0.094472714 -0.5654261 0.00799989700317
1637259874.82 -0.307854026556 0.463551461697 0.349004536867 0.094472714 -0.5654261 0.533999919891
1637259898.36 -0.150464951992 0.60190308094 0.40977460146 0.094472714 -0.5654261 0.371000051498
1637259899.59 -0.0866045206785 0.636136710644 0.360227316618 0.094472714 -0.5654261 0.929999828339
1637259900.05 -0.186867102981 0.624131500721 0.263486117125 0.094472714 -0.5654261 0.317000150681
1637259903.35 -0.0695638880134 0.560655295849 0.290502607822 0.094472714 -0.5654261 0.663000106812
1637259920.27 -0.139215260744 0.476011753082 0.410576909781 0.094472714 -0.5654261 0.546000003815
1637259921.54 -0.244244098663 0.525614500046 0.210749298334 0.094472714 -0.5654261 1.22500014305
1637259949.0 -0.288903594017 0.664370298386 0.407842606306 0.094472714 -0.5654261 0.125999927521
1637259949.56 -0.265132695436 0.621735930443 0.346344381571 0.094472714 -0.5654261 0.53400015831
1637259963.29 -0.190516769886 0.499808520079 0.185783088207 0.094472714 -0.5654261 1.29299998283
1637259965.79 -0.0546095110476 0.454363107681 0.44698870182 0.094472714 -0.5654261 0.891999959946
1637259973.22 -0.0194812603295 0.461288869381 0.274962604046 0.094472714 -0.5654261 0.266999959946
1637259974.69 -0.288937211037 0.517007946968 0.259000718594 0.094472714 -0.5654261 0.184000015259
1637260026.47 -0.231488958001 0.633539736271 0.355396091938 0.094472714 -0.5654261 0.421999931335
1637260027.57 -0.232149913907 0.675461888313 0.321762442589 0.094472714 -0.5654261 0.68799996376
1637260030.73 -0.00533849094063 0.539772868156 0.328076779842 0.094472714 -0.5654261 1.31399989128
1637260067.44 -0.217329844832 0.620130717754 0.215944647789 0.094472714 -0.5654261 1.80900001526
1637260070.9 -0.233122482896 0.459905713797 0.299917727709 0.094472714 -0.5654261 0.00800013542175
1637260071.55 -0.129215538502 0.45487177372 0.404716670513 0.094472714 -0.5654261 0.574000120163
1637260072.84 -0.0089501561597 0.553416311741 0.304285436869 0.094472714 -0.5654261 1.05900001526
1637260085.8 -0.270161658525 0.528216719627 0.233002275229 0.094472714 -0.5654261 0.650000095367
1637260089.82 -0.239444792271 0.542423605919 0.461605578661 0.094472714 -0.5654261 0.816999912262
1637260090.77 -0.299276530743 0.633315980434 0.373040348291 -0.076908566 0.24068335 0.516999959946
1637260097.47 -0.284929960966 0.465587943792 1.20369791985 -0.076908566 0.24068335 0.587999820709
1637260098.19 -0.251616150141 0.653231143951 1.14091587067 -0.076908566 0.24068335 0.367000102997
1637260099.46 -0.289335072041 0.662002921104 1.0756046772 -0.076908566 0.24068335 0.0420000553131
1637260101.45 -0.401327490807 0.696187376976 1.15663444996 -0.076908566 0.24068335 0.382999897003
1637260103.11 -0.180327296257 0.626892805099 1.09977555275 -0.076908566 0.24068335 0.911999940872
1637260118.29 -0.451376020908 0.460344195366 1.05366170406 -0.076908566 0.24068335 0.741999864578
1637260159.42 -0.1975068748 0.456136256456 1.22276771069 -0.076908566 0.24068335 0.617000102997
1637260166.26 -0.400817990303 0.597799479961 1.12879359722 -0.076908566 0.24068335 0.362999916077
1637260168.22 -0.298988133669 0.533118486404 1.06634950638 -0.076908566 0.24068335 1.63800001144
1637260176.8 -0.386747866869 0.598269701004 1.18749439716 -0.076908566 0.24068335 1.37699985504
1637260177.52 -0.395807743073 0.658772289753 1.10865938663 -0.076908566 0.24068335 0.400000095367
1637260178.27 -0.401851505041 0.66474801302 1.1385961771 -0.076908566 0.24068335 0.217000007629
1637260178.9 -0.394933581352 0.695904374123 1.17321121693 -0.076908566 0.24068335 0.0749998092651
1637260179.39 -0.334087461233 0.678588688374 1.21739828587 -0.076908566 0.24068335 0.25
1637260180.57 -0.177630037069 0.566016495228 1.1200414896 -0.076908566 0.24068335 0.863999843597
1637260191.66 -0.287829935551 0.477628648281 1.2918971777 -0.076908566 0.24068335 0.526000022888
1637260245.69 -0.358021378517 0.5181016922 1.07266068459 -0.076908566 0.24068335 0.634999990463
1637260246.51 -0.401449114084 0.632451653481 1.1294066906 -0.076908566 0.24068335 0.595999956131
1637260255.64 -0.246973484755 0.470794320107 1.14688014984 -0.076908566 0.24068335 0.00600004196167
1637260255.68 -0.250976800919 0.463861107826 1.14617276192 -0.076908566 0.24068335 0.0210001468658
1637260257.35 -0.478470832109 0.508949816227 1.11373865604 -0.076908566 0.24068335 1.66400003433
1637260278.32 -0.443053424358 0.49186322093 1.23991942406 -0.076908566 0.24068335 0.661000013351
1637260295.57 -0.253756642342 0.46781411767 1.27276968956 -0.076908566 0.24068335 0.524999856949
1637260300.58 -0.471462965012 0.54346036911 1.09774410725 -0.076908566 0.24068335 0.667999982834
1637260322.34 -0.327930480242 0.670120477676 1.06571161747 -0.076908566 0.24068335 1.16199994087
1637260332.09 -0.182381555438 0.51588755846 1.08828091621 -0.076908566 0.24068335 1.20899987221
1637260341.27 -0.266374468803 0.512698173523 1.28143966198 -0.076908566 0.24068335 0.608999967575
1637260367.7 -0.460372567177 0.461597502232 1.07155275345 -0.076908566 0.24068335 0.00800013542175
1637260407.61 -0.278016537428 0.46954780817 1.081376791 -0.076908566 0.24068335 0.631999969482
1637260409.32 -0.377447783947 0.649658203125 1.08314180374 -0.076908566 0.24068335 0.891999959946
1637260414.58 -0.252926111221 0.471058398485 1.12762331963 -0.076908566 0.24068335 0.00800013542175
1637260414.67 -0.25154492259 0.48970746994 1.15149486065 -0.076908566 0.24068335 0.0759999752045
1637260416.08 -0.190496966243 0.60513573885 1.07752513885 -0.076908566 0.24068335 1.04699993134
1637260441.84 -0.226512894034 0.527014434338 1.25265991688 -0.076908566 0.24068335 0.475000143051
1637260478.83 -0.277102351189 0.655916929245 1.13878202438 -0.016455464 0.6513493 1.1099998951
1637260489.16 -0.336252063513 0.48369717598 1.52601349354 -0.016455464 0.6513493 0.0920000076294
1637260491.03 -0.358821630478 0.460550099611 1.67562246323 -0.016455464 0.6513493 1.32800006866
1637260501.54 -0.142770990729 0.653177261353 1.52911627293 -0.016455464 0.6513493 1.08400011063
1637260511.92 -0.200712695718 0.641651213169 1.51298928261 -0.016455464 0.6513493 0.0170001983643
1637260513.75 -0.127392172813 0.637912631035 1.49172234535 -0.016455464 0.6513493 1.33099985123
1637260514.07 -0.143702730536 0.666933953762 1.46310222149 -0.016455464 0.6513493 0.150000095367
1637260514.3 -0.144769281149 0.663915276527 1.46210503578 -0.016455464 0.6513493 0.199999809265
1637260522.96 -0.33519205451 0.613262355328 1.52164280415 -0.016455464 0.6513493 2.22600007057
1637260524.14 -0.279129087925 0.670259177685 1.47780776024 -0.016455464 0.6513493 0.266999959946
1637260525.78 -0.269432455301 0.550582587719 1.70407140255 -0.016455464 0.6513493 1.01699995995
1637260527.28 -0.300376325846 0.645112812519 1.63554763794 -0.016455464 0.6513493 0.926000118256
1637260547.18 -0.17874352634 0.487992554903 1.68340229988 -0.016455464 0.6513493 1.61299991608
1637260561.94 -0.33804538846 0.467268645763 1.68339717388 -0.016455464 0.6513493 0.441999912262
1637260582.18 -0.160080656409 0.621690511703 1.47607970238 -0.016455464 0.6513493 2.03299999237
1637260592.41 -0.421488016844 0.487318873405 1.52398359776 -0.016455464 0.6513493 1.51300001144
1637260602.83 -0.126162216067 0.486869335175 1.60842704773 -0.016455464 0.6513493 0.151000022888
1637260603.36 -0.16218188405 0.499213218689 1.66275560856 -0.016455464 0.6513493 0.384000062943
1637260604.26 -0.141950696707 0.685792088509 1.57733535767 -0.21744281 0.2093797 0.516999959946
1637260607.8 -0.542230248451 0.479330062866 1.08961093426 -0.21744281 0.2093797 0.680000066757
1637260610.03 -0.573275268078 0.479485929012 1.00274121761 -0.21744281 0.2093797 2.03699994087
1637260626.68 -0.582906126976 0.557929098606 1.20756578445 -0.21744281 0.2093797 0.733999967575
1637260627.05 -0.524475693703 0.651886582375 1.24905717373 -0.21744281 0.2093797 0.257999897003
1637260640.19 -0.328701198101 0.702434718609 1.12206447124 -0.21744281 0.2093797 0.516999959946
1637260643.54 -0.544627547264 0.463564872742 1.11442649364 -0.21744281 0.2093797 0.489000082016
1637260644.95 -0.616799712181 0.665809094906 1.09241199493 -0.21744281 0.2093797 0.928999900818
1637260646.46 -0.506125628948 0.462235152721 0.958277702332 -0.21744281 0.2093797 1.18400001526
1637260660.78 -0.422184079885 0.676979064941 1.05004906654 -0.21744281 0.2093797 1.73400020599
1637260661.13 -0.436462342739 0.6880838871 1.04182314873 -0.21744281 0.2093797 0.085000038147
1637260663.6 -0.563555836678 0.462481766939 0.987431466579 -0.21744281 0.2093797 1.00599980354
1637260663.64 -0.553800880909 0.463313490152 0.984248042107 -0.21744281 0.2093797 0.0339999198914
1637260673.9 -0.523506402969 0.666109383106 0.979117691517 -0.21744281 0.2093797 0.766999959946
1637260678.71 -0.553642809391 0.461019545794 1.23432421684 -0.21744281 0.2093797 1.57500004768
1637260691.11 -0.49816557765 0.508898675442 0.96058678627 -0.21744281 0.2093797 0.5
1637260693.58 -0.510341346264 0.66003715992 0.966247200966 -0.21744281 0.2093797 0.382999897003
1637260707.77 -0.463239192963 0.650201141834 1.18527400494 -0.21744281 0.2093797 0.867000102997
1637260709.04 -0.391380369663 0.624633014202 1.09909975529 -0.21744281 0.2093797 1.25999999046
1637260710.29 -0.533105432987 0.462975025177 1.07029366493 -0.21744281 0.2093797 0.65499997139
1637260718.21 -0.404248774052 0.692011296749 1.06977617741 -0.21744281 0.2093797 0.65299987793
1637260719.07 -0.491730391979 0.635559678078 1.03819811344 -0.21744281 0.2093797 0.278000116348
1637260721.88 -0.54414242506 0.543424010277 0.979204535484 -0.21744281 0.2093797 2.47299981117
1637260725.29 -0.517457902431 0.461991399527 1.25623202324 -0.21744281 0.2093797 0.983000040054
1637260729.66 -0.338041454554 0.690165877342 1.10951125622 0.2371409 0.29655063 1.04999995232
1637260744.66 0.0271700453013 0.450008392334 1.26079583168 0.2371409 0.29655063 0.25
1637260745.72 -0.0301036369056 0.452431291342 1.12268745899 0.2371409 0.29655063 0.787999868393
1637260747.49 0.11185529083 0.500470459461 1.11042511463 0.2371409 0.29655063 1.2009999752
1637260760.32 -0.138593420386 0.543843269348 1.27896475792 0.2371409 0.29655063 1.125
1637260782.62 0.0140945296735 0.468165129423 1.34647715092 0.2371409 0.29655063 0.516999959946
1637260801.69 -0.140001699328 0.649680137634 1.27608478069 0.2371409 0.29655063 0.158999919891
1637260813.6 0.0432232096791 0.667416453362 1.14457595348 0.2371409 0.29655063 1.47899985313
1637260814.44 0.053844332695 0.682135164738 1.16023385525 0.2371409 0.29655063 0.608000040054
1637260815.39 0.0452040433884 0.700605094433 1.14821791649 0.2371409 0.29655063 0.0999999046326
1637260816.82 0.0417887270451 0.513726294041 1.33842265606 0.2371409 0.29655063 1.12599992752
1637260821.73 -0.0351863242686 0.45147690177 1.04636323452 0.2371409 0.29655063 0.819999933243
1637260839.33 0.103505522013 0.473174929619 1.09984350204 0.2371409 0.29655063 0.775000095367
1637260850.54 0.0941009894013 0.512217402458 1.30642902851 0.2371409 0.29655063 0.426000118256
1637260870.03 0.10801884532 0.51384216547 1.28943049908 0.2371409 0.29655063 0.667000055313
1637260879.6 0.0585765242577 0.515325129032 1.16709339619 0.2371409 0.29655063 1.49499988556
1637260888.14 0.057774182409 0.637202680111 1.1670563221 0.2371409 0.29655063 1.62199997902
1637260891.77 -0.113180704415 0.639674901962 1.12158238888 0.2371409 0.29655063 2.51699995995
1637260909.36 -0.0645871534944 0.612822949886 1.2507134676 0.2371409 0.29655063 0.058000087738
1637260911.13 0.0941445976496 0.464033991098 1.08390128613 0.2371409 0.29655063 1.34500002861
1637260937.51 0.119642466307 0.474686712027 1.26896369457 0.2371409 0.29655063 0.333999872208
1637260973.66 0.0177240148187 0.460183918476 1.27793395519 0.2371409 0.29655063 1.4470000267
1637260974.88 0.0472540445626 0.669445455074 1.14978921413 0.2371409 0.29655063 0.6890001297
1637260975.19 0.0377526395023 0.667929530144 1.13841247559 0.2371409 0.29655063 0.134999990463
1637260977.22 -0.0229526814073 0.654742121696 1.11912119389 0.2371409 0.29655063 0.177000045776
1637260985.77 0.0250218994915 0.580896377563 1.1292771101 0.2371409 0.29655063 0.304000139236
1637260986.33 0.0202552173287 0.637331724167 1.12736356258 0.2371409 0.29655063 0.241999864578
1637260986.83 0.0431990511715 0.648284256458 1.14587187767 0.2371409 0.29655063 0.108999967575
1637260987.42 0.0480100139976 0.686873376369 1.15109920502 0.2371409 0.29655063 0.251000165939
1637260988.36 0.0443340279162 0.679124653339 1.14660155773 0.2371409 0.29655063 0.410000085831
1637260990.43 -0.133324235678 0.518462657928 1.29117178917 0.2371409 0.29655063 1.02100014687
1637261001.38 -0.115362383425 0.532809257507 1.30630230904 0.2371409 0.29655063 0.585000038147
1637261002.43 -0.151724159718 0.676765739918 1.23965263367 -0.07651038 -0.5616242 0.509000062943
1637261012.44 -0.308843225241 0.46666559577 0.414833366871 -0.07651038 -0.5616242 0.232000112534
1637261020.6 -0.354046285152 0.650183975697 0.410697966814 -0.07651038 -0.5616242 0.354999780655
1637261021.39 -0.36217918992 0.69633692503 0.406521975994 -0.07651038 -0.5616242 0.401000022888
1637261023.12 -0.332359135151 0.516599655151 0.187607795 -0.07651038 -0.5616242 1.26800012589
1637261026.73 -0.00523623265326 0.503773033619 0.346944361925 -0.07651038 -0.5616242 1.03399991989
1637261033.02 -0.44868928194 0.464359223843 0.430714011192 -0.07651038 -0.5616242 0.0670001506805
1637261035.45 -0.441364169121 0.476591676474 0.238088235259 -0.07651038 -0.5616242 0.309000015259
1637261036.73 -0.361098885536 0.694671154022 0.197722375393 -0.07651038 -0.5616242 0.516999959946
1637261037.87 -0.401243001223 0.670275509357 0.317033797503 -0.07651038 -0.5616242 0.55899977684
1637261038.68 -0.339928805828 0.460831165314 0.4139303267 -0.07651038 -0.5616242 0.373999834061
1637261040.39 -0.314247995615 0.549796283245 0.187394768 -0.07651038 -0.5616242 0.967000007629
1637261057.41 -0.465134084225 0.534379720688 0.41138318181 -0.07651038 -0.5616242 3.44200015068
1637261072.54 -0.385600060225 0.675701916218 0.287273824215 -0.07651038 -0.5616242 1.58299994469
1637261084.08 -0.408019065857 0.490161240101 0.205135047436 -0.07651038 -0.5616242 1.52600002289
1637261085.71 -0.490630060434 0.469595223665 0.328736901283 -0.07651038 -0.5616242 0.0090000629425
1637261086.52 -0.205858632922 0.504521250725 0.457008719444 -0.07651038 -0.5616242 0.766999959946
1637261087.04 -0.00108186481521 0.451097995043 0.507125854492 -0.07651038 -0.5616242 0.509000062943
1637261095.77 -0.470031410456 0.531863749027 0.390682011843 -0.07651038 -0.5616242 0.0429999828339
1637261096.65 -0.421283960342 0.670139789581 0.348027646542 -0.07651038 -0.5616242 0.676000118256
1637261096.88 -0.403328686953 0.660793185234 0.328031271696 -0.07651038 -0.5616242 0.0759999752045
1637261101.34 -0.271502822638 0.521356701851 0.199209019542 -0.07651038 -0.5616242 1.00899982452
1637261110.51 -0.355754852295 0.666063964367 0.26627138257 0.1387767 0.6851345 1.34999990463
1637261116.91 -0.184800222516 0.460608422756 1.53330767155 0.1387767 0.6851345 0.230000019073
1637261117.63 -0.190294638276 0.464019864798 1.65748620033 0.1387767 0.6851345 0.542000055313
1637261119.13 -0.147396355867 0.604606389999 1.43784165382 0.1387767 0.6851345 1.13400006294
1637261166.0 0.0153614468873 0.464399129152 1.66786897182 0.1387767 0.6851345 0.0249998569489
1637261166.99 -0.248834773898 0.46288895607 1.64652764797 0.1387767 0.6851345 0.974999904633
1637261177.47 -0.0598346404731 0.456985294819 1.44279038906 0.1387767 0.6851345 1.0680000782
1637261180.38 -0.166823491454 0.496296554804 1.52728819847 0.1387767 0.6851345 0.97200012207
1637261181.13 -0.117312058806 0.511487424374 1.68483436108 0.1387767 0.6851345 0.741000175476
1637261182.04 -0.212960198522 0.5291659832 1.60450482368 0.1387767 0.6851345 0.212999820709
1637261182.19 -0.180432319641 0.45988380909 1.55345189571 0.1387767 0.6851345 0.105000019073
1637261185.61 -0.254314601421 0.527994692326 1.54301416874 0.1387767 0.6851345 3.06300020218
1637261197.49 -0.257460087538 0.556787848473 1.55220091343 0.1387767 0.6851345 1.30000019073
1637261205.19 -0.187259465456 0.591536939144 1.45528173447 0.1387767 0.6851345 0.800000190735
1637261228.53 -0.164128020406 0.660507321358 1.63755774498 0.1387767 0.6851345 1.60100007057
1637261229.88 -0.0390858277678 0.677759468555 1.55560386181 0.1387767 0.6851345 1.31700015068
1637261230.38 -0.0523908250034 0.674521923065 1.53462016582 0.1387767 0.6851345 0.226999998093
1637261231.06 -0.0514044612646 0.681916117668 1.53667283058 0.1387767 0.6851345 0.228000164032
1637261232.01 -0.047941301018 0.6780128479 1.62958407402 0.1387767 0.6851345 0.495000123978
1637261232.79 -0.0593655705452 0.68466848135 1.52917456627 0.1387767 0.6851345 0.290999889374
1637261233.57 -0.07234082371 0.631203353405 1.65005266666 0.1387767 0.6851345 0.253000020981
1637261245.13 -0.220132499933 0.495134472847 1.68968594074 0.1387767 0.6851345 1.79799985886
1637261257.34 -0.144367679954 0.673308193684 1.50686621666 0.1387767 0.6851345 0.983999967575
1637261263.52 0.0780843049288 0.519647598267 1.54192280769 0.1387767 0.6851345 1.18699979782
1637261296.44 -0.262534290552 0.463054418564 1.57257688046 0.1387767 0.6851345 0.757999897003
1637261306.56 -0.259189546108 0.603620350361 1.60738217831 0.1387767 0.6851345 1.34300017357
