1637259542.7 -0.430312305689 0.717888712883 0.324606776237 -0.17744917 -0.52422565
1637259592.41 -0.358997702599 0.691331148148 0.388060331345 -0.17744917 -0.52422565
1637259594.42 -0.384749561548 0.677966654301 0.370666742325 -0.17744917 -0.52422565
1637259628.59 -0.533441364765 0.693218529224 0.318396568298 -0.17744917 -0.52422565
1637259649.41 -0.442737042904 0.663872659206 0.323527783155 -0.17744917 -0.52422565
1637259651.43 -0.527166008949 0.684546232224 0.314475655556 -0.17744917 -0.52422565
1637259665.15 -0.474519431591 0.706913411617 0.369944959879 -0.17744917 -0.52422565
1637259680.86 -0.346004605293 0.639449417591 0.376122355461 -0.17744917 -0.52422565
1637259691.29 -0.449343264103 0.68728941679 0.408503174782 -0.17744917 -0.52422565
1637259699.79 -0.542197287083 0.648509860039 0.432481169701 -0.17744917 -0.52422565
1637259722.14 -0.407386213541 0.687526881695 0.886403381824 -0.14203992 0.026734194
1637259760.23 -0.45751234889 0.708758890629 1.02844119072 -0.14203992 0.026734194
1637259762.71 -0.35038292408 0.668637990952 0.933419883251 -0.14203992 0.026734194
1637259773.86 -0.362496465445 0.621407270432 0.849190890789 -0.14203992 0.026734194
1637259789.2 -0.361956328154 0.680167078972 0.949274241924 -0.14203992 0.026734194
1637259796.36 -0.424669504166 0.707728564739 0.850618183613 -0.14203992 0.026734194
1637259806.0 -0.43265837431 0.681119501591 0.957983970642 -0.14203992 0.026734194
1637259821.81 -0.352173119783 0.66314971447 0.805381298065 -0.14203992 0.026734194
1637259824.65 -0.39638787508 0.658338189125 0.895014643669 -0.14203992 0.026734194
1637259827.07 -0.528695881367 0.694408535957 0.922734558582 -0.14203992 0.026734194
1637259833.32 -0.126955881715 0.690766632557 0.404148519039 0.094472714 -0.5654261
1637259899.16 -0.151248276234 0.697652041912 0.378061205149 0.094472714 -0.5654261
1637259921.08 -0.23104506731 0.65174728632 0.328748464584 0.094472714 -0.5654261
1637259949.55 -0.264187037945 0.62054669857 0.347963929176 0.094472714 -0.5654261
1637259962.75 -0.151965588331 0.651254594326 0.340432971716 0.094472714 -0.5654261
1637260027.38 -0.228271663189 0.680133461952 0.340710401535 0.094472714 -0.5654261
1637260029.92 -0.130753204226 0.678995013237 0.356127738953 0.094472714 -0.5654261
1637260067.43 -0.217848449945 0.620113015175 0.216530561447 0.094472714 -0.5654261
1637260072.46 -0.097895257175 0.623877346516 0.306545943022 0.094472714 -0.5654261
1637260090.76 -0.29809781909 0.634974837303 0.371555864811 0.094472714 -0.5654261
1637260102.71 -0.276535987854 0.674703836441 1.10565948486 -0.076908566 0.24068335
1637260167.1 -0.296802312136 0.672030329704 1.11901307106 -0.076908566 0.24068335
1637260180.22 -0.268026769161 0.689403355122 1.11514282227 -0.076908566 0.24068335
1637260246.47 -0.39798656106 0.635968923569 1.13124585152 -0.076908566 0.24068335
1637260256.86 -0.333468616009 0.62074136734 1.15029847622 -0.076908566 0.24068335
1637260322.2 -0.335348039865 0.669417321682 1.07985591888 -0.076908566 0.24068335
1637260331.5 -0.321130752563 0.637332499027 1.11741864681 -0.076908566 0.24068335
1637260408.94 -0.326319992542 0.687894523144 1.11562037468 -0.076908566 0.24068335
1637260415.55 -0.25992166996 0.692189157009 1.12459099293 -0.076908566 0.24068335
1637260478.82 -0.277102351189 0.655916929245 1.13878202438 -0.076908566 0.24068335
1637260490.33 -0.274444311857 0.667032837868 1.56403315067 -0.016455464 0.6513493
1637260501.53 -0.143049687147 0.653035640717 1.52916061878 -0.016455464 0.6513493
1637260512.93 -0.207160711288 0.658476233482 1.5088429451 -0.016455464 0.6513493
1637260521.87 -0.231104254723 0.621811628342 1.55740964413 -0.016455464 0.6513493
1637260525.27 -0.250214636326 0.650520801544 1.60802912712 -0.016455464 0.6513493
1637260527.28 -0.297812223434 0.648461639881 1.6378415823 -0.016455464 0.6513493
1637260546.48 -0.291987508535 0.665043532848 1.53861951828 -0.016455464 0.6513493
1637260582.17 -0.160080656409 0.621690511703 1.47607970238 -0.016455464 0.6513493
1637260591.46 -0.268992304802 0.658779859543 1.51619243622 -0.016455464 0.6513493
1637260604.25 -0.142122715712 0.685436785221 1.57774651051 -0.016455464 0.6513493
1637260608.55 -0.498852372169 0.660663366318 1.10754728317 -0.21744281 0.2093797
1637260640.18 -0.328701198101 0.702434718609 1.12206447124 -0.21744281 0.2093797
1637260644.53 -0.531464993954 0.639452755451 1.11016213894 -0.21744281 0.2093797
1637260660.08 -0.444673359394 0.65330272913 1.111551404 -0.21744281 0.2093797
1637260663.1 -0.453195393085 0.686659395695 1.07872569561 -0.21744281 0.2093797
1637260673.89 -0.522705852985 0.666279315948 0.980043828487 -0.21744281 0.2093797
1637260678.17 -0.448597222567 0.625628530979 1.12994480133 -0.21744281 0.2093797
1637260707.76 -0.465351969004 0.6512824893 1.18687903881 -0.21744281 0.2093797
1637260719.91 -0.480211257935 0.66806524992 1.06029450893 -0.21744281 0.2093797
1637260729.65 -0.338377982378 0.68940025568 1.11034440994 -0.21744281 0.2093797
1637260746.79 -0.0168274026364 0.675737500191 1.16704320908 0.2371409 0.29655063
1637260814.34 0.0461258590221 0.680554449558 1.16173696518 0.2371409 0.29655063
1637260816.34 0.0148024708033 0.664209127426 1.21261751652 0.2371409 0.29655063
1637260879.0 -0.0561497211456 0.641332626343 1.16511380672 0.2371409 0.29655063
1637260889.76 0.000191438011825 0.681887209415 1.20420312881 0.2371409 0.29655063
1637260891.77 -0.112624980509 0.642077565193 1.12260949612 0.2371409 0.29655063
1637260910.29 -0.0450289361179 0.651486635208 1.2080937624 0.2371409 0.29655063
1637260974.69 0.0328956060112 0.670490384102 1.17116177082 0.2371409 0.29655063
1637260989.91 -0.00387515313923 0.700322449207 1.24917817116 0.2371409 0.29655063
1637261002.42 -0.151724159718 0.676765739918 1.23965263367 0.2371409 0.29655063
1637261022.36 -0.319643855095 0.688732862473 0.333503097296 -0.07651038 -0.5616242
1637261036.72 -0.360065609217 0.694012820721 0.198422148824 -0.07651038 -0.5616242
1637261039.93 -0.329861700535 0.682179033756 0.307887285948 -0.07651038 -0.5616242
1637261054.94 -0.34768268466 0.673450887203 0.386000603437 -0.07651038 -0.5616242
1637261056.95 -0.363430738449 0.692302763462 0.386264801025 -0.07651038 -0.5616242
1637261072.06 -0.374525278807 0.680126607418 0.295796960592 -0.07651038 -0.5616242
1637261083.42 -0.36535397172 0.672164022923 0.363141834736 -0.07651038 -0.5616242
1637261096.65 -0.422319591045 0.669933974743 0.348288297653 -0.07651038 -0.5616242
1637261100.84 -0.309387505054 0.649603843689 0.332231640816 -0.07651038 -0.5616242
1637261110.51 -0.356358200312 0.66607427597 0.266724407673 -0.07651038 -0.5616242
1637261118.52 -0.0951858684421 0.663350939751 1.53763568401 0.1387767 0.6851345
1637261183.15 -0.083979010582 0.683167159557 1.55093336105 0.1387767 0.6851345
1637261185.16 -0.153857305646 0.698295712471 1.55283844471 0.1387767 0.6851345
1637261228.52 -0.16697897017 0.659122943878 1.63756513596 0.1387767 0.6851345
1637261244.49 -0.101464979351 0.678407669067 1.58227014542 0.1387767 0.6851345
1637261257.34 -0.144228667021 0.672929704189 1.50730156898 0.1387767 0.6851345
1637261262.87 -0.153156220913 0.637933135033 1.57203412056 0.1387767 0.6851345
