1633611945.37 -0.365232974291 0.462947964668 0.414168596268 -0.17744917 -0.52422565 0.0699999332428
1633611946.45 -0.508993625641 0.465649038553 0.398830711842 -0.17744917 -0.52422565 1.03399991989
1633611991.42 -0.500125229359 0.521434724331 0.345807164907 -0.17744917 -0.52422565 0.509999990463
1633611992.65 -0.478433251381 0.681832015514 0.438464522362 -0.17744917 -0.52422565 1.09200000763
1633611993.35 -0.347910612822 0.471819877625 0.399726182222 -0.17744917 -0.52422565 0.40900015831
1633612011.4 -0.501156687737 0.470015585423 0.405123442411 -0.17744917 -0.52422565 0.552000045776
1633612026.07 -0.474642723799 0.488176047802 0.437746345997 -0.17744917 -0.52422565 1.52500009537
1633612048.87 -0.461052834988 0.514513075352 0.295688897371 -0.17744917 -0.52422565 0.436999797821
1633612051.59 -0.39912083745 0.461668014526 0.447663992643 -0.17744917 -0.52422565 0.5
1633612061.14 -0.469457834959 0.643627285957 0.311604768038 -0.17744917 -0.52422565 0.887000083923
1633612061.86 -0.440820127726 0.465274989605 0.454323738813 -0.17744917 -0.52422565 0.584000110626
1633612091.72 -0.410655677319 0.672245442867 0.448736131191 -0.17744917 -0.52422565 0.292000055313
1633612092.53 -0.404092907906 0.687035799026 0.446798503399 -0.17744917 -0.52422565 0.258000135422
1633612117.65 -0.461776286364 0.503105998039 0.445421457291 -0.17744917 -0.52422565 0.134000062943
1633612117.96 -0.371275812387 0.498586088419 0.427703917027 -0.17744917 -0.52422565 0.203000068665
1633612119.73 -0.38897383213 0.563654184341 0.440012276173 -0.17744917 -0.52422565 1.33299994469
1633612120.8 -0.387792170048 0.461459219456 0.314441204071 -0.17744917 -0.52422565 0.171000003815
1633612179.3 -0.460994303226 0.545759558678 0.209566518664 -0.17744917 -0.52422565 0.596999883652
1633612184.83 -0.357883542776 0.461237132549 0.396736949682 -0.17744917 -0.52422565 0.00799989700317
1633612190.11 -0.393424510956 0.459428846836 0.310979396105 -0.17744917 -0.52422565 0.462999820709
1633612192.44 -0.447898119688 0.461885690689 0.450910121202 -0.17744917 -0.52422565 1.10199999809
1633612193.85 -0.474367111921 0.625034749508 0.439247608185 -0.17744917 -0.52422565 0.56299996376
1633612233.16 -0.346576482058 0.464499533176 0.37660703063 -0.17744917 -0.52422565 0.0090000629425
1633612233.69 -0.356488645077 0.539759814739 0.219150424004 -0.17744917 -0.52422565 0.520999908447
1633612292.06 -0.410870432854 0.60842525959 0.449764281511 -0.17744917 -0.52422565 0.740000009537
1633612310.79 -0.489070355892 0.497918695211 0.32802554965 -0.17744917 -0.52422565 1.60100007057
1633612314.37 -0.395197033882 0.45932713151 0.44413214922 -0.17744917 -0.52422565 0.151999950409
1633612334.16 -0.406839519739 0.461967110634 0.448783665895 -0.17744917 -0.52422565 0.773999929428
1633612338.56 -0.470284432173 0.599544465542 0.312394618988 -0.17744917 -0.52422565 0.958999872208
1633612340.65 -0.363600045443 0.460032701492 0.416056752205 -0.17744917 -0.52422565 0.763999938965
1633612380.06 -0.356789916754 0.535995066166 0.393189668655 -0.17744917 -0.52422565 0.202000141144
1633612382.48 -0.382468700409 0.65611332655 0.317649483681 -0.17744917 -0.52422565 0.28400015831
1633612383.34 -0.36786365509 0.568648695946 0.417799562216 -0.17744917 -0.52422565 0.242000102997
1633612384.56 -0.506226956844 0.465745687485 0.377804279327 -0.17744917 -0.52422565 1.02900004387
1633612384.58 -0.509234726429 0.463081032038 0.369458317757 -0.17744917 -0.52422565 0.0090000629425
1633612384.62 -0.503824055195 0.467325568199 0.359655886889 -0.17744917 -0.52422565 0.0170001983643
1633612428.48 -0.370374381542 0.481579691172 0.421932667494 -0.17744917 -0.52422565 0.228000164032
1633612428.5 -0.369090378284 0.486741036177 0.42093655467 -0.17744917 -0.52422565 0.0160000324249
1633612450.65 -0.385070204735 0.515395283699 0.436544120312 -0.17744917 -0.52422565 0.529000043869
1633612487.07 -0.465110749006 0.464678436518 0.309036552906 -0.17744917 -0.52422565 0.0769999027252
1633612503.75 -0.444921970367 0.580613911152 0.302088290453 -0.17744917 -0.52422565 0.750999927521
1633612508.89 -0.397564828396 0.651044845581 0.447228372097 -0.17744917 -0.52422565 0.854000091553
1633612591.26 -0.467962116003 0.487330049276 0.441483229399 -0.17744917 -0.52422565 0.547000169754
1633612593.94 -0.502601325512 0.467471331358 0.326842844486 -0.17744917 -0.52422565 0.0120000839233
1633612705.22 -0.399820327759 0.462920755148 0.29571211338 -0.17744917 -0.52422565 0.230999946594
1633612739.35 -0.401265710592 0.541946709156 0.285032182932 -0.17744917 -0.52422565 1.00499987602
1633612739.43 -0.448410272598 0.465524107218 0.303149610758 -0.17744917 -0.52422565 0.0759999752045
1633612756.31 -0.353766292334 0.470047563314 0.386561661959 -0.17744917 -0.52422565 0.0550000667572
1633612756.32 -0.355490207672 0.475238740444 0.382654845715 -0.17744917 -0.52422565 0.00699996948242
1633612756.34 -0.354759037495 0.47976282239 0.379411965609 -0.17744917 -0.52422565 0.00799989700317
1633612759.13 -0.384102493525 0.46368855238 0.316518902779 -0.17744917 -0.52422565 0.469000101089
1633612817.5 -0.488655805588 0.644411444664 0.423931658268 -0.17744917 -0.52422565 0.642000198364
1633612864.62 -0.472189903259 0.49785605073 0.31303358078 -0.17744917 -0.52422565 1.04600000381
1633612869.35 -0.355596244335 0.490382045507 0.395309001207 -0.17744917 -0.52422565 1.2990000248
1633612876.25 -0.503157436848 0.467402338982 0.401409268379 -0.17744917 -0.52422565 0.0300002098083
1633612878.82 -0.513910233974 0.465533703566 0.301232069731 -0.17744917 -0.52422565 0.825999975204
1633612888.99 -0.350353181362 0.46904194355 0.37851369381 -0.17744917 -0.52422565 1.8069999218
1633612908.88 -0.493740290403 0.503471374512 0.417270958424 -0.17744917 -0.52422565 0.0169999599457
1633612909.22 -0.493137598038 0.525549590588 0.33267608285 -0.17744917 -0.52422565 0.332999944687
1633612943.24 -0.480984598398 0.659801185131 0.432059675455 -0.17744917 -0.52422565 0.050999879837
1633612945.55 -0.358501344919 0.461389452219 0.402245074511 -0.17744917 -0.52422565 0.118000030518
1633613071.78 -0.354309350252 0.520534873009 0.375728011131 -0.17744917 -0.52422565 2.74799990654
1633613139.06 -0.451663553715 0.470024436712 0.301233738661 -0.17744917 -0.52422565 0.789999961853
1633613141.6 -0.480293214321 0.624188244343 0.319703370333 -0.17744917 -0.52422565 0.25200009346
1633613142.09 -0.505810678005 0.597683608532 0.380834370852 -0.17744917 -0.52422565 0.0520000457764
1633613142.66 -0.47181943059 0.622598111629 0.439115464687 -0.17744917 -0.52422565 0.217000007629
1633613142.76 -0.467495650053 0.622576475143 0.441578805447 -0.17744917 -0.52422565 0.0169999599457
1633613142.89 -0.467671513557 0.621328413486 0.441947489977 -0.17744917 -0.52422565 0.125
1633613204.77 -0.409532338381 0.471804589033 0.303919970989 -0.17744917 -0.52422565 0.0150001049042
1633613205.21 -0.476233303547 0.52190309763 0.315696746111 -0.17744917 -0.52422565 0.43499994278
1633613207.7 -0.50687456131 0.465699106455 0.379628926516 -0.17744917 -0.52422565 1.06100010872
1633613249.6 -0.375956326723 0.5192527771 0.428097248077 -0.17744917 -0.52422565 0.556999921799
1633613250.91 -0.367793887854 0.598148226738 0.418836086988 -0.17744917 -0.52422565 0.932999849319
1633613289.59 -0.382831245661 0.461345940828 0.3123306036 -0.17744917 -0.52422565 0.195999860764
1633613297.96 -0.387484848499 0.682502508163 0.438092470169 -0.17744917 -0.52422565 0.158999919891
1633613299.43 -0.456875741482 0.480450183153 0.447244495153 -0.17744917 -0.52422565 0.93799996376
1633613299.71 -0.532400012016 0.542692422867 0.385781884193 -0.17744917 -0.52422565 0.224999904633
1633613349.14 -0.449212610722 0.550086021423 0.449675291777 -0.17744917 -0.52422565 0.512999773026
1633613352.29 -0.491898715496 0.539733529091 0.293918013573 -0.17744917 -0.52422565 0.803999900818
1633613387.12 -0.36326238513 0.629473090172 0.410134673119 -0.17744917 -0.52422565 0.770999908447
1633613388.77 -0.362182706594 0.578562915325 0.411521226168 -0.17744917 -0.52422565 0.085000038147
1633613398.36 -0.505662083626 0.504412293434 0.377257913351 -0.17744917 -0.52422565 0.109999895096
1633613409.17 -0.392216533422 0.531477451324 0.444321334362 -0.17744917 -0.52422565 1.84599995613
1633613410.41 -0.355884552002 0.461110681295 0.395648360252 -0.17744917 -0.52422565 0.244999885559
1633613492.86 -0.366715341806 0.492581605911 0.416481971741 -0.17744917 -0.52422565 0.0279998779297
1633613497.7 -0.384363800287 0.675055801868 0.435924172401 -0.17744917 -0.52422565 0.822999954224
1633613508.18 -0.480706453323 0.514272511005 0.31142437458 -0.17744917 -0.52422565 0.56200003624
1633613509.86 -0.491474837065 0.665426135063 0.331880867481 -0.17744917 -0.52422565 0.81200003624
1633613512.57 -0.355063050985 0.460790753365 0.360629707575 -0.17744917 -0.52422565 0.218999862671
1633613514.79 -0.403793334961 0.459045886993 0.446810215712 -0.17744917 -0.52422565 0.239000082016
1633613517.37 -0.459694564342 0.579145789146 0.445985913277 -0.17744917 -0.52422565 0.278000116348
1633613517.79 -0.464992791414 0.46203827858 0.449515759945 -0.17744917 -0.52422565 0.288000106812
1633613550.08 -0.508761703968 0.466898828745 0.384681224823 -0.17744917 -0.52422565 0.860000133514
1633613565.16 -0.368090510368 0.68632042408 0.333434253931 -0.17744917 -0.52422565 0.376000165939
1633613566.62 -0.374797403812 0.667583048344 0.325722277164 -0.17744917 -0.52422565 0.444999933243
1633613672.3 -0.39517313242 0.495618224144 0.309926122427 -0.17744917 -0.52422565 1.95499992371
1633613740.57 -0.498669654131 0.464260995388 0.343842118979 -0.17744917 -0.52422565 0.108999967575
1633613742.58 -0.498150467873 0.509067714214 0.4110224545 -0.17744917 -0.52422565 2.00099992752
