1633611992.65 -0.47842335701 0.68254083395 0.436360567808 -0.17744917 -0.52422565
1633612025.54 -0.44278845191 0.654264807701 0.366650849581 -0.17744917 -0.52422565
1633612060.93 -0.424180179834 0.698953330517 0.313306182623 -0.17744917 -0.52422565
1633612119.18 -0.423295140266 0.668895483017 0.365577608347 -0.17744917 -0.52422565
1633612193.79 -0.455091953278 0.65250068903 0.438592016697 -0.17744917 -0.52422565
1633612291.82 -0.417911916971 0.667522251606 0.410058498383 -0.17744917 -0.52422565
1633612309.73 -0.461386233568 0.661910653114 0.415571689606 -0.17744917 -0.52422565
1633612508.54 -0.406290590763 0.698066294193 0.414799124002 -0.17744917 -0.52422565
1633612868.64 -0.455262243748 0.683210253716 0.431259185076 -0.17744917 -0.52422565
1633613071.35 -0.427133381367 0.623628735542 0.33080753684 -0.17744917 -0.52422565
1633613250.66 -0.373876720667 0.651154816151 0.393767505884 -0.17744917 -0.52422565
1633613299.0 -0.412244439125 0.620492100716 0.43421548605 -0.17744917 -0.52422565
1633613408.77 -0.437561035156 0.634940087795 0.372006237507 -0.17744917 -0.52422565
1633613497.43 -0.382900446653 0.692500889301 0.424607038498 -0.17744917 -0.52422565
1633613509.76 -0.471915870905 0.68070089817 0.338909059763 -0.17744917 -0.52422565
