1648642767.57 -0.504898548126 0.553305506706 0.460402965546 -0.17744917 -0.52422565 0.00899982452393
1648642768.08 -0.436366379261 0.543154597282 0.378945946693 -0.17744917 -0.52422565 0.509000062943
1648643016.62 -0.355296671391 0.52040296793 0.444950759411 -0.17744917 -0.52422565 0.692999839783
1648643034.54 -0.458463162184 0.459321081638 0.317388564348 -0.17744917 -0.52422565 0.325000047684
1648643484.03 -0.382066756487 0.563822865486 0.395556122065 -0.17744917 -0.52422565 2.36800003052
1648643726.29 -0.505298018456 0.565246582031 0.451190441847 -0.17744917 -0.52422565 0.407999992371
1648643726.34 -0.506529927254 0.566740036011 0.453056246042 -0.17744917 -0.52422565 0.029000043869
1648643726.38 -0.505879104137 0.567473828793 0.454619526863 -0.17744917 -0.52422565 0.00999999046326
1648643726.52 -0.505481600761 0.565099298954 0.45253393054 -0.17744917 -0.52422565 0.0329999923706
1648643726.7 -0.504935562611 0.565858960152 0.450484454632 -0.17744917 -0.52422565 0.108999967575
1648643726.75 -0.505251467228 0.564315140247 0.451641738415 -0.17744917 -0.52422565 0.0319998264313
1648643726.79 -0.505044341087 0.56477701664 0.452290266752 -0.17744917 -0.52422565 0.00499987602234
1648643726.86 -0.505436897278 0.565246880054 0.450286448002 -0.17744917 -0.52422565 0.039999961853
1648643726.89 -0.509300112724 0.563484430313 0.446494728327 -0.17744917 -0.52422565 0.0269999504089
1648643729.27 -0.424097508192 0.466366797686 0.532755255699 -0.17744917 -0.52422565 0.52599978447
1648643729.32 -0.406407177448 0.459792792797 0.530809223652 -0.17744917 -0.52422565 0.0320000648499
