1648640940.44 -0.4597479105 0.684239685535 0.368599355221 -0.17744917 -0.52422565
1648641011.56 -0.451578676701 0.712254345417 0.379955887794 -0.17744917 -0.52422565
1648641025.94 -0.450165361166 0.653072178364 0.415645331144 -0.17744917 -0.52422565
1648641036.28 -0.561912536621 0.64073908329 0.453641533852 -0.17744917 -0.52422565
1648641043.27 -0.446152001619 0.682398915291 0.38093328476 -0.17744917 -0.52422565
1648641045.28 -0.488827109337 0.663463592529 0.394789248705 -0.17744917 -0.52422565
1648641056.7 -0.460276842117 0.671094238758 0.39094388485 -0.17744917 -0.52422565
1648641058.72 -0.45414558053 0.699761807919 0.409247726202 -0.17744917 -0.52422565
1648641069.85 -0.43045848608 0.733141124249 0.378986597061 -0.17744917 -0.52422565
1648641100.19 -0.464826822281 0.666862428188 0.321563512087 -0.17744917 -0.52422565
1648641126.68 -0.181042894721 0.698021769524 0.748381376266 0.11176902 -0.17530373
1648641147.87 -0.184932366014 0.623800873756 0.726567804813 0.11176902 -0.17530373
1648641149.89 -0.151132211089 0.701412856579 0.743270993233 0.11176902 -0.17530373
1648641158.07 -0.149305224419 0.625774979591 0.735803663731 0.11176902 -0.17530373
1648641160.07 -0.146928429604 0.713178277016 0.760875761509 0.11176902 -0.17530373
1648641182.72 -0.184560418129 0.685198545456 0.703214168549 0.11176902 -0.17530373
1648641188.13 -0.151254013181 0.647128939629 0.689858436584 0.11176902 -0.17530373
1648641190.14 -0.222644269466 0.706472873688 0.778894543648 0.11176902 -0.17530373
1648641198.48 -0.156982660294 0.668362379074 0.701089084148 0.11176902 -0.17530373
1648641209.54 -0.131600141525 0.631587386131 0.617376387119 0.11176902 -0.17530373
1648641235.92 -0.21867609024 0.710987210274 1.23807835579 0.006521133 0.33643264
1648641237.92 -0.181647628546 0.650073409081 1.1729336977 0.006521133 0.33643264
1648641258.2 -0.228658080101 0.696500182152 1.22877192497 0.006521133 0.33643264
1648641260.22 -0.121662735939 0.694726228714 1.25100409985 0.006521133 0.33643264
1648641283.19 -0.239328324795 0.694274961948 1.24387776852 0.006521133 0.33643264
1648641293.46 -0.257651567459 0.633282959461 1.25574278831 0.006521133 0.33643264
1648641301.3 -0.246471464634 0.71406930685 1.22959041595 0.006521133 0.33643264
1648641311.59 -0.278041243553 0.673361241817 1.13906371593 0.006521133 0.33643264
1648641338.13 -0.20203062892 0.707951784134 1.26742351055 0.006521133 0.33643264
1648641340.15 -0.192409396172 0.69812297821 1.28590142727 0.006521133 0.33643264
1648641390.03 -0.141320437193 0.667432487011 1.70679759979 0.14033268 0.7761739
1648641392.03 -0.140140205622 0.730004012585 1.62854766846 0.14033268 0.7761739
1648641406.33 -0.0995077937841 0.68671298027 1.72740364075 0.14033268 0.7761739
1648641408.34 -0.159420341253 0.723435759544 1.73480427265 0.14033268 0.7761739
1648641422.98 -0.136722445488 0.677185893059 1.66679799557 0.14033268 0.7761739
1648641444.67 -0.128048986197 0.660329222679 1.73585784435 0.14033268 0.7761739
1648641446.69 -0.0929305180907 0.715013921261 1.62897109985 0.14033268 0.7761739
1648641457.98 -0.0643885284662 0.624348938465 1.72903132439 0.14033268 0.7761739
1648641459.99 -0.179478779435 0.708325028419 1.6750150919 0.14033268 0.7761739
1648641462.21 -0.202319383621 0.657158970833 1.75606036186 0.14033268 0.7761739
1648641494.26 -0.246685177088 0.735148429871 0.589148938656 -0.008635129 -0.3072711
1648641514.99 -0.194496259093 0.655314803123 0.572027623653 -0.008635129 -0.3072711
1648641517.01 -0.226532325149 0.690926611423 0.585622549057 -0.008635129 -0.3072711
1648641526.04 -0.225858047605 0.661295771599 0.681626319885 -0.008635129 -0.3072711
1648641543.49 -0.251604318619 0.688484370708 0.584575951099 -0.008635129 -0.3072711
1648641561.96 -0.146457821131 0.657441437244 0.557830750942 -0.008635129 -0.3072711
1648641579.21 -0.273503273726 0.725902557373 0.58129042387 -0.008635129 -0.3072711
1648641581.23 -0.243276879191 0.695142328739 0.744284808636 -0.008635129 -0.3072711
1648641598.26 -0.243393152952 0.715397655964 0.57042914629 -0.008635129 -0.3072711
1648641600.27 -0.173240214586 0.735878825188 0.566739857197 -0.008635129 -0.3072711
1648641642.66 -0.583868682384 0.697449564934 1.64985859394 -0.29081988 0.737961
1648641720.71 -0.551755607128 0.715721607208 1.67801046371 -0.29081988 0.737961
1648641732.99 -0.533787548542 0.692508757114 1.64559221268 -0.29081988 0.737961
1648641765.14 -0.451777100563 0.718663871288 1.66238200665 -0.29081988 0.737961
1648641767.16 -0.476201236248 0.722848892212 1.64206242561 -0.29081988 0.737961
1648641781.02 -0.417568832636 0.692258894444 1.6439524889 -0.29081988 0.737961
1648641790.83 -0.486954838037 0.7253023386 1.6756939888 -0.29081988 0.737961
1648641857.57 -0.542551696301 0.673115730286 1.68424236774 -0.29081988 0.737961
1648641859.95 -0.503240287304 0.709893465042 1.63242375851 -0.29081988 0.737961
1648641861.96 -0.558051884174 0.645898282528 1.55233955383 -0.29081988 0.737961
1648641883.77 -0.345091402531 0.725884437561 1.10759925842 -0.09938987 0.24389933
1648641885.78 -0.455545037985 0.704704403877 1.13582468033 -0.09938987 0.24389933
1648641904.78 -0.34818649292 0.715066313744 1.18889391422 -0.09938987 0.24389933
1648641906.79 -0.332747042179 0.704516232014 1.11920666695 -0.09938987 0.24389933
1648641917.45 -0.381668567657 0.727917730808 1.16187429428 -0.09938987 0.24389933
1648641997.39 -0.361290901899 0.691576659679 1.1300303936 -0.09938987 0.24389933
1648642010.01 -0.351481288671 0.691219270229 1.18106985092 -0.09938987 0.24389933
1648642029.94 -0.279241740704 0.639359593391 1.18967080116 -0.09938987 0.24389933
1648642033.82 -0.363848686218 0.702410399914 1.15594089031 -0.09938987 0.24389933
1648642045.03 -0.300425797701 0.647718548775 1.17872858047 -0.09938987 0.24389933
1648642055.44 -0.321187108755 0.707624018192 0.411188185215 -0.083439454 -0.46802515
1648642057.45 -0.278062283993 0.717587053776 0.444921731949 -0.083439454 -0.46802515
1648642075.93 -0.364658772945 0.720314264297 0.416448295116 -0.083439454 -0.46802515
1648642077.94 -0.287892729044 0.719709336758 0.472175359726 -0.083439454 -0.46802515
1648642095.03 -0.324132204056 0.714418590069 0.406483411789 -0.083439454 -0.46802515
1648642097.03 -0.280497729778 0.693810224533 0.385587692261 -0.083439454 -0.46802515
1648642100.17 -0.275726944208 0.712057948112 0.45424503088 -0.083439454 -0.46802515
1648642119.48 -0.326802760363 0.691119790077 0.319132745266 -0.083439454 -0.46802515
1648642131.03 -0.368351638317 0.661420881748 0.461850941181 -0.083439454 -0.46802515
1648642133.04 -0.470119357109 0.706897675991 0.436043322086 -0.083439454 -0.46802515
1648642153.59 -0.270479083061 0.700158953667 1.53462040424 -0.07411158 0.5970102
1648642335.43 -0.340872883797 0.696935176849 1.51394987106 -0.07411158 0.5970102
1648642371.23 -0.315933853388 0.700485825539 1.55060064793 -0.07411158 0.5970102
1648642436.32 -0.293991327286 0.713153123856 1.50355505943 -0.07411158 0.5970102
1648642458.09 -0.296023219824 0.706971764565 1.45010232925 -0.07411158 0.5970102
1648642460.11 -0.392363578081 0.706763386726 1.5499997139 -0.07411158 0.5970102
1648642472.48 -0.312222450972 0.715451002121 1.55635738373 -0.07411158 0.5970102
1648642474.5 -0.31737729907 0.703529119492 1.59689712524 -0.07411158 0.5970102
1648642481.43 -0.338939219713 0.688587129116 1.57458281517 -0.07411158 0.5970102
1648642483.44 -0.293219327927 0.718108177185 1.6108237505 -0.07411158 0.5970102
1648642581.29 -0.0826903283596 0.7235429883 1.11178195477 0.13978441 0.15621713
