1648640938.76 -0.368163824081 0.550486683846 0.342450976372 -0.17744917 -0.52422565 0.34500002861
1648640941.13 -0.540785491467 0.480317264795 0.492585331202 -0.17744917 -0.52422565 1.26300001144
1648640941.15 -0.542958676815 0.471756160259 0.491418242455 -0.17744917 -0.52422565 0.0090000629425
1648640941.66 -0.591994404793 0.463435947895 0.499843627214 -0.17744917 -0.52422565 0.0090000629425
1648640944.08 -0.33134251833 0.455987513065 0.508309781551 -0.17744917 -0.52422565 0.0090000629425
1648640944.15 -0.330256104469 0.460584580898 0.50233232975 -0.17744917 -0.52422565 0.0090000629425
1648640944.54 -0.271148830652 0.474012553692 0.392558395863 -0.17744917 -0.52422565 0.375
1648640945.01 -0.277789860964 0.461924046278 0.409768044949 -0.17744917 -0.52422565 0.467000007629
1648641009.57 -0.363961696625 0.530318617821 0.421177834272 -0.17744917 -0.52422565 0.010999917984
1648641009.71 -0.355359911919 0.554468214512 0.375910311937 -0.17744917 -0.52422565 0.128000020981
1648641011.96 -0.490062445402 0.607253611088 0.440164029598 -0.17744917 -0.52422565 0.907999992371
1648641027.16 -0.492432385683 0.722585022449 0.527824699879 -0.17744917 -0.52422565 1.73699998856
1648641028.06 -0.322661548853 0.467898637056 0.497222036123 -0.17744917 -0.52422565 0.549999952316
1648641036.28 -0.560843467712 0.638366341591 0.455621242523 -0.17744917 -0.52422565 1.50200009346
1648641041.5 -0.411599934101 0.513429105282 0.313214302063 -0.17744917 -0.52422565 0.0379998683929
1648641045.33 -0.505842447281 0.625180661678 0.417142182589 -0.17744917 -0.52422565 2.72799992561
1648641058.88 -0.507462739944 0.658641517162 0.40349406004 -0.17744917 -0.52422565 2.80000019073
1648641064.77 -0.428381860256 0.485362231731 0.309756815434 -0.17744917 -0.52422565 0.0820000171661
1648641068.04 -0.478409051895 0.570688128471 0.309949994087 -0.17744917 -0.52422565 0.00799989700317
1648641068.07 -0.463948309422 0.570207238197 0.31066685915 -0.17744917 -0.52422565 0.0169999599457
1648641068.62 -0.366875648499 0.641529500484 0.351655781269 -0.17744917 -0.52422565 0.0090000629425
1648641069.12 -0.427381962538 0.663463115692 0.313947975636 -0.17744917 -0.52422565 0.493000030518
1648641070.48 -0.276381075382 0.471164822578 0.370703905821 -0.17744917 -0.52422565 1.13400006294
1648641089.29 -0.28394305706 0.454059511423 0.423777997494 -0.17744917 -0.52422565 0.966000080109
1648641089.41 -0.280022501945 0.449185848236 0.423434853554 -0.17744917 -0.52422565 0.0090000629425
1648641089.51 -0.287633627653 0.45401674509 0.392189592123 -0.17744917 -0.52422565 0.0519998073578
1648641090.16 -0.330878794193 0.449739992619 0.290079712868 -0.17744917 -0.52422565 0.641999959946
1648641090.2 -0.3085899055 0.44587251544 0.300289362669 -0.17744917 -0.52422565 0.0339999198914
1648641092.14 -0.528507888317 0.495041966438 0.272628515959 -0.17744917 -0.52422565 0.517999887466
1648641094.36 -0.30055513978 0.464330017567 0.479919552803 -0.17744917 -0.52422565 1.03300023079
1648641098.66 -0.498941332102 0.542763054371 0.25329247117 -0.17744917 -0.52422565 0.558000087738
1648641100.19 -0.464484214783 0.66107916832 0.324682891369 0.11176902 -0.17530373 0.511000156403
1648641124.94 -0.0688658431172 0.510578274727 0.711276471615 0.11176902 -0.17530373 0.341000080109
1648641127.49 -0.287112683058 0.517051041126 0.773146271706 0.11176902 -0.17530373 1.31299996376
1648641143.43 -0.154199197888 0.514207363129 0.888295412064 0.11176902 -0.17530373 0.642999887466
1648641146.62 -0.0560228489339 0.550582826138 0.610252737999 0.11176902 -0.17530373 0.675999879837
1648641148.72 -0.21197065711 0.645414948463 0.761983990669 0.11176902 -0.17530373 1.37199997902
1648641150.71 -0.294131666422 0.447888791561 0.748920738697 0.11176902 -0.17530373 1.96399998665
1648641158.59 -0.202373445034 0.630559682846 0.692420959473 0.11176902 -0.17530373 2.20900011063
1648641160.53 -0.291079819202 0.463707268238 0.716322183609 0.11176902 -0.17530373 1.58400011063
1648641168.12 -0.288284778595 0.449726343155 0.707368135452 0.11176902 -0.17530373 0.71799993515
1648641172.31 -0.000449374318123 0.564654588699 0.791232824326 0.11176902 -0.17530373 0.625
1648641177.74 -0.274694591761 0.502853751183 0.803829312325 0.11176902 -0.17530373 0.00999999046326
1648641177.98 -0.278933644295 0.505388438702 0.677756130695 0.11176902 -0.17530373 0.233999967575
1648641177.99 -0.278103649616 0.5105022192 0.670583844185 0.11176902 -0.17530373 0.0090000629425
1648641181.28 -0.290902137756 0.580143272877 0.748286068439 0.11176902 -0.17530373 0.424999952316
1648641183.17 -0.145485043526 0.633693099022 0.661340296268 0.11176902 -0.17530373 0.958999872208
1648641183.25 -0.154020562768 0.652030944824 0.66108161211 0.11176902 -0.17530373 0.0710000991821
1648641183.43 -0.165668159723 0.682282626629 0.665361523628 0.11176902 -0.17530373 0.0339999198914
1648641183.44 -0.168149441481 0.682466208935 0.664977133274 0.11176902 -0.17530373 0.00899982452393
1648641184.96 -0.21570007503 0.446950316429 0.745212197304 0.11176902 -0.17530373 0.217000007629
1648641185.01 -0.216246157885 0.440773189068 0.752095520496 0.11176902 -0.17530373 0.0329999923706
1648641186.39 -0.0999251827598 0.451247274876 0.672211647034 0.11176902 -0.17530373 0.621999979019
1648641186.46 -0.08046887815 0.451369404793 0.687078177929 0.11176902 -0.17530373 0.0610001087189
1648641186.52 -0.0747107416391 0.444859594107 0.688560664654 0.11176902 -0.17530373 0.0500001907349
1648641186.56 -0.0705559253693 0.445517361164 0.715329170227 0.11176902 -0.17530373 0.0179998874664
1648641186.58 -0.0581714734435 0.444406211376 0.710132300854 0.11176902 -0.17530373 0.0169999599457
1648641186.67 -0.069696135819 0.462339043617 0.762811899185 0.11176902 -0.17530373 0.00999999046326
1648641190.14 -0.222934901714 0.706341803074 0.778620004654 0.11176902 -0.17530373 2.52600002289
1648641199.44 -0.270310491323 0.667324066162 0.812617361546 0.11176902 -0.17530373 2.11999988556
1648641199.5 -0.269185811281 0.667823433876 0.814692616463 0.11176902 -0.17530373 0.00800013542175
1648641199.57 -0.269620865583 0.666911423206 0.81328856945 0.11176902 -0.17530373 0.00800013542175
1648641200.16 -0.272093296051 0.661190569401 0.811460733414 0.11176902 -0.17530373 0.580999851227
1648641208.07 -0.252074927092 0.455259650946 0.642818808556 0.11176902 -0.17530373 0.0149998664856
1648641209.54 -0.133243739605 0.633162796497 0.615910053253 0.006521133 0.33643264 1.45899987221
1648641237.93 -0.181898802519 0.649574100971 1.17263889313 0.006521133 0.33643264 2.65000009537
1648641238.28 -0.317970573902 0.501945912838 1.24214720726 0.006521133 0.33643264 0.217000007629
1648641246.17 -0.185987263918 0.64796102047 1.19895863533 0.006521133 0.33643264 0.701000213623
1648641260.22 -0.118602603674 0.69566744566 1.25239753723 0.006521133 0.33643264 3.41199994087
1648641282.38 -0.286098659039 0.561659872532 1.31022548676 0.006521133 0.33643264 0.0920000076294
1648641285.42 -0.125793591142 0.446618467569 1.34405887127 0.006521133 0.33643264 2.81299996376
1648641286.75 -0.0742350071669 0.453865289688 1.35421800613 0.006521133 0.33643264 0.00999999046326
1648641286.77 -0.0593454241753 0.473310887814 1.39027988911 0.006521133 0.33643264 0.0090000629425
1648641286.78 -0.0710552409291 0.460861980915 1.36743295193 0.006521133 0.33643264 0.00899982452393
1648641292.4 -0.330307513475 0.531777918339 1.12170183659 0.006521133 0.33643264 0.651000022888
1648641295.3 -0.285172343254 0.706666827202 1.18555641174 0.006521133 0.33643264 2.39700007439
1648641302.54 -0.218866676092 0.66325044632 1.0988959074 0.006521133 0.33643264 2.44199991226
1648641303.55 -0.208460345864 0.601119637489 1.10209846497 0.006521133 0.33643264 0.010999917984
1648641303.96 -0.0891844332218 0.451293587685 1.20597290993 0.006521133 0.33643264 0.395999908447
1648641304.85 -0.111648820341 0.443729043007 1.32900214195 0.006521133 0.33643264 0.0829999446869
1648641310.05 -0.200236916542 0.526563823223 1.10459625721 0.006521133 0.33643264 0.408999919891
1648641311.6 -0.27637809515 0.68398141861 1.13234376907 0.006521133 0.33643264 0.671000003815
1648641336.99 -0.190337434411 0.55126875639 1.30422258377 0.006521133 0.33643264 0.0710000991821
1648641340.16 -0.191820085049 0.697787344456 1.28625845909 0.14033268 0.7761739 2.57299995422
1648641351.85 -0.154925256968 0.448816716671 1.6260664463 0.14033268 0.7761739 0.010999917984
1648641351.88 -0.162242457271 0.453881174326 1.63704502583 0.14033268 0.7761739 0.007000207901
1648641351.9 -0.170028373599 0.453225672245 1.64111936092 0.14033268 0.7761739 0.0169999599457
1648641351.92 -0.171666920185 0.453603029251 1.64389538765 0.14033268 0.7761739 0.00799989700317
1648641351.96 -0.178174704313 0.453459024429 1.64645087719 0.14033268 0.7761739 0.00800013542175
1648641352.0 -0.172891631722 0.455670177937 1.65091884136 0.14033268 0.7761739 0.0190000534058
1648641353.42 -0.0349760130048 0.485499799252 1.66300976276 0.14033268 0.7761739 1.14899992943
1648641353.44 -0.0266517028213 0.483216166496 1.64962911606 0.14033268 0.7761739 0.00800013542175
1648641369.67 -0.170228093863 0.586804389954 1.72704875469 0.14033268 0.7761739 0.0250000953674
1648641370.5 -0.15326449275 0.707490444183 1.62896180153 0.14033268 0.7761739 0.391000032425
1648641371.07 -0.17588673532 0.705359995365 1.65816736221 0.14033268 0.7761739 0.268999814987
1648641372.65 -0.0177888721228 0.492692440748 1.69079041481 0.14033268 0.7761739 1.09600019455
1648641372.68 -0.0306820757687 0.467713713646 1.7103843689 0.14033268 0.7761739 0.0260000228882
1648641388.71 -0.170232102275 0.690839707851 1.64578068256 0.14033268 0.7761739 0.631999969482
1648641389.03 -0.1656755656 0.691201627254 1.64154565334 0.14033268 0.7761739 0.0340001583099
1648641392.24 -0.117056444287 0.700011253357 1.60895967484 0.14033268 0.7761739 2.71700000763
1648641409.14 -0.059369020164 0.451612591743 1.6276576519 0.14033268 0.7761739 3.89599990845
1648641409.18 -0.0566358007491 0.446425795555 1.62153744698 0.14033268 0.7761739 0.0250000953674
1648641421.28 -0.177316308022 0.559490859509 1.7132833004 0.14033268 0.7761739 0.208000183105
1648641421.96 -0.154280468822 0.723915278912 1.62894499302 0.14033268 0.7761739 0.578000068665
1648641421.98 -0.153887465596 0.720406889915 1.62849271297 0.14033268 0.7761739 0.00799989700317
1648641422.13 -0.143871635199 0.720059633255 1.62146914005 0.14033268 0.7761739 0.105000019073
1648641424.69 -0.221406489611 0.702592849731 1.58944618702 0.14033268 0.7761739 2.22199988365
1648641436.01 -0.244499057531 0.669449269772 1.62536883354 0.14033268 0.7761739 0.700000047684
1648641436.03 -0.242601916194 0.671864330769 1.62400364876 0.14033268 0.7761739 0.0090000629425
1648641436.13 -0.23988622427 0.675675868988 1.61788535118 0.14033268 0.7761739 0.0420000553131
1648641436.6 -0.179427564144 0.648566544056 1.55574023724 0.14033268 0.7761739 0.202999830246
1648641442.83 -0.257911890745 0.541626095772 1.69578707218 0.14033268 0.7761739 0.75
1648641445.11 -0.111849471927 0.690166890621 1.76293289661 0.14033268 0.7761739 0.944999933243
1648641447.32 -0.0245842505246 0.521353125572 1.571600914 0.14033268 0.7761739 2.1779999733
1648641447.36 -0.022181853652 0.501671373844 1.55992507935 0.14033268 0.7761739 0.0329999923706
1648641461.2 -0.262469291687 0.658804237843 1.63192892075 0.14033268 0.7761739 4.62700009346
1648641462.22 -0.202633753419 0.656800627708 1.75619459152 -0.008635129 -0.3072711 0.813999891281
1648641488.18 -0.326173841953 0.451092243195 0.644480824471 -0.008635129 -0.3072711 0.602999925613
1648641496.31 -0.319633185863 0.450214654207 0.74569517374 -0.008635129 -0.3072711 2.59599995613
1648641513.73 -0.111351840198 0.553433597088 0.628006279469 -0.008635129 -0.3072711 0.75
1648641515.01 -0.194186478853 0.654298901558 0.572492718697 -0.008635129 -0.3072711 0.526999950409
1648641515.07 -0.194807082415 0.656362354755 0.570832848549 -0.008635129 -0.3072711 0.0420000553131
1648641515.17 -0.196009427309 0.647908449173 0.567748308182 -0.008635129 -0.3072711 0.00899982452393
1648641519.03 -0.374787777662 0.458463072777 0.499813467264 -0.008635129 -0.3072711 3.81699991226
1648641524.6 -0.363457381725 0.534676611423 0.71612226963 -0.008635129 -0.3072711 0.616999864578
1648641526.05 -0.225998848677 0.656217515469 0.683129370213 -0.008635129 -0.3072711 0.517000198364
1648641527.74 -0.26304897666 0.721204102039 0.680010437965 -0.008635129 -0.3072711 0.050999879837
1648641528.35 -0.244792431593 0.690964579582 0.678103804588 -0.008635129 -0.3072711 0.281000137329
1648641542.02 -0.187076508999 0.550026834011 0.58666408062 -0.008635129 -0.3072711 0.337000131607
1648641545.35 -0.120242290199 0.682230174541 0.658293604851 -0.008635129 -0.3072711 2.37199997902
1648641559.98 -0.112490177155 0.538557648659 0.62777453661 -0.008635129 -0.3072711 0.700999975204
1648641561.97 -0.146457821131 0.657441437244 0.557830750942 -0.008635129 -0.3072711 0.519999980927
1648641578.31 -0.278027117252 0.577767491341 0.530379056931 -0.008635129 -0.3072711 0.509000062943
1648641581.23 -0.243426978588 0.695239663124 0.744617819786 -0.008635129 -0.3072711 2.55099987984
1648641597.47 -0.292017042637 0.565786123276 0.533064007759 -0.008635129 -0.3072711 0.230999946594
1648641600.28 -0.169769406319 0.73074811697 0.566398620605 -0.29081988 0.737961 2.61400008202
1648641614.75 -0.543923914433 0.457746475935 1.57525229454 -0.29081988 0.737961 0.0110001564026
1648641615.43 -0.566444277763 0.491463005543 1.58128082752 -0.29081988 0.737961 0.670000076294
1648641641.31 -0.597697377205 0.579689264297 1.69689023495 -0.29081988 0.737961 0.889000177383
1648641643.25 -0.458581030369 0.688842594624 1.77991271019 -0.29081988 0.737961 1.11199998856
1648641644.98 -0.427463769913 0.698985219002 1.75569486618 -0.29081988 0.737961 0.475000143051
1648641719.31 -0.5519977808 0.550762534142 1.72961342335 -0.29081988 0.737961 1.71399998665
1648641721.43 -0.467815965414 0.698561668396 1.6808360815 -0.29081988 0.737961 1.22600007057
1648641721.49 -0.469927817583 0.694686472416 1.68591713905 -0.29081988 0.737961 0.0169999599457
1648641734.22 -0.416087299585 0.697744429111 1.54718017578 -0.29081988 0.737961 2.33999991417
1648641734.26 -0.42713317275 0.706816256046 1.5504257679 -0.29081988 0.737961 0.0339999198914
1648641734.28 -0.425839155912 0.707038998604 1.55095350742 -0.29081988 0.737961 0.00799989700317
1648641734.3 -0.422940760851 0.707754135132 1.55065846443 -0.29081988 0.737961 0.00799989700317
1648641734.34 -0.413210183382 0.707609891891 1.55432653427 -0.29081988 0.737961 0.0160000324249
1648641734.42 -0.416379332542 0.722390174866 1.56287205219 -0.29081988 0.737961 0.00799989700317
1648641734.6 -0.409299492836 0.705553412437 1.55467915535 -0.29081988 0.737961 0.100999832153
1648641765.15 -0.445522934198 0.710026204586 1.66556882858 -0.29081988 0.737961 1.43600010872
1648641769.38 -0.550749123096 0.481612712145 1.50185322762 -0.29081988 0.737961 3.81200003624
1648641781.03 -0.417499214411 0.693186283112 1.64347314835 -0.29081988 0.737961 1.44800019264
1648641789.52 -0.506722331047 0.545959949493 1.72209072113 -0.29081988 0.737961 0.421000003815
1648641790.08 -0.469564676285 0.688993573189 1.68420779705 -0.29081988 0.737961 0.292000055313
1648641790.09 -0.468825250864 0.687582373619 1.68564224243 -0.29081988 0.737961 0.00999999046326
1648641791.39 -0.423412978649 0.579885363579 1.75215113163 -0.29081988 0.737961 1.07100009918
1648641791.86 -0.442967474461 0.725060403347 1.77100372314 -0.29081988 0.737961 0.175999879837
1648641855.88 -0.578605294228 0.507685065269 1.58807992935 -0.29081988 0.737961 0.505000114441
1648641858.16 -0.49983304739 0.650678396225 1.72127091885 -0.29081988 0.737961 1.09200000763
1648641858.31 -0.465327203274 0.674721240997 1.68428373337 -0.29081988 0.737961 0.0169999599457
1648641861.97 -0.558141291142 0.646878600121 1.55353558064 -0.09938987 0.24389933 2.52400016785
1648641881.7 -0.394457489252 0.5260887146 1.09563541412 -0.09938987 0.24389933 0.237999916077
1648641885.79 -0.455545037985 0.704704403877 1.13582468033 -0.09938987 0.24389933 2.52600002289
1648641886.18 -0.381910383701 0.469350576401 1.22465252876 -0.09938987 0.24389933 0.0680000782013
1648641903.78 -0.359154164791 0.547389388084 1.23113667965 -0.09938987 0.24389933 0.207999944687
1648641906.88 -0.297419786453 0.645216107368 1.10231816769 -0.09938987 0.24389933 2.61500000954
1648641916.26 -0.384781837463 0.540710866451 1.22288310528 -0.09938987 0.24389933 0.165999889374
1648641919.36 -0.275898337364 0.607038319111 1.02553808689 -0.09938987 0.24389933 2.41700005531
1648641919.37 -0.269936442375 0.598024129868 1.02710533142 -0.09938987 0.24389933 0.00899982452393
1648641919.39 -0.271243274212 0.584277868271 1.02579534054 -0.09938987 0.24389933 0.00899982452393
1648641928.15 -0.338046699762 0.454113513231 1.31109750271 -0.09938987 0.24389933 0.00899982452393
1648641929.01 -0.403492033482 0.513081848621 1.00984323025 -0.09938987 0.24389933 0.850999832153
1648641938.6 -0.468157738447 0.482027560472 1.25071084499 -0.09938987 0.24389933 0.518000125885
1648641988.14 -0.389433324337 0.452864646912 1.22112095356 -0.09938987 0.24389933 0.47000002861
1648641997.75 -0.421602725983 0.659342646599 1.12942016125 -0.09938987 0.24389933 0.864000082016
1648641998.56 -0.417278587818 0.7353977561 1.12461769581 -0.09938987 0.24389933 0.108999967575
1648641998.58 -0.424850106239 0.699546158314 1.15902400017 -0.09938987 0.24389933 0.0170001983643
1648641999.13 -0.38747292757 0.723011910915 1.09118771553 -0.09938987 0.24389933 0.535000085831
1648642008.83 -0.371599256992 0.555321276188 1.2292330265 -0.09938987 0.24389933 0.233000040054
1648642010.63 -0.202035784721 0.487562716007 1.12213432789 -0.09938987 0.24389933 1.132999897
1648642019.02 -0.388610005379 0.526748239994 1.30324852467 -0.09938987 0.24389933 0.566999912262
1648642023.07 -0.495876014233 0.53699028492 1.12140285969 -0.09938987 0.24389933 0.359000205994
1648642026.81 -0.25043040514 0.519627213478 1.27144837379 -0.09938987 0.24389933 1.0680000782
1648642029.95 -0.279846429825 0.63781273365 1.19036889076 -0.09938987 0.24389933 0.516000032425
1648642031.63 -0.258067280054 0.697402119637 1.1489688158 -0.09938987 0.24389933 1.64600014687
1648642032.43 -0.353209733963 0.551184952259 1.08143758774 -0.09938987 0.24389933 0.413000106812
1648642032.56 -0.387689650059 0.498409628868 1.09124076366 -0.09938987 0.24389933 0.116999864578
1648642034.63 -0.231522142887 0.630438268185 1.06091690063 -0.09938987 0.24389933 1.31599998474
1648642041.82 -0.450980186462 0.517454743385 1.26960265636 -0.09938987 0.24389933 0.325999975204
1648642043.48 -0.2431820333 0.517874717712 1.26708996296 -0.09938987 0.24389933 0.441999912262
1648642045.04 -0.300425797701 0.647718548775 1.17872858047 -0.083439454 -0.46802515 0.517999887466
1648642054.65 -0.312199443579 0.586217403412 0.373182684183 -0.083439454 -0.46802515 0.594999790192
1648642054.86 -0.297177046537 0.619807898998 0.381075978279 -0.083439454 -0.46802515 0.0460000038147
1648642054.88 -0.295094668865 0.624173045158 0.381166666746 -0.083439454 -0.46802515 0.0100002288818
1648642057.97 -0.262240767479 0.703305721283 0.467652052641 -0.083439454 -0.46802515 3.02999997139
1648642075.14 -0.345463037491 0.582563817501 0.363518893719 -0.083439454 -0.46802515 0.483999967575
1648642079.85 -0.319225460291 0.721424818039 0.518568277359 -0.083439454 -0.46802515 4.42100000381
1648642094.23 -0.31721046567 0.576151072979 0.37154853344 -0.083439454 -0.46802515 0.524999856949
1648642094.27 -0.309375762939 0.574359118938 0.370131850243 -0.083439454 -0.46802515 0.0159997940063
1648642097.04 -0.279409438372 0.691991865635 0.386152535677 -0.083439454 -0.46802515 2.51399993896
1648642099.3 -0.2672316432 0.697036325932 0.472590327263 -0.083439454 -0.46802515 0.310000181198
1648642100.63 -0.198841959238 0.49795114994 0.384310245514 -0.083439454 -0.46802515 0.963999986649
1648642118.53 -0.356233686209 0.574759840965 0.294665515423 -0.083439454 -0.46802515 1.10099983215
1648642119.49 -0.326970994473 0.691039383411 0.319114327431 -0.083439454 -0.46802515 0.515000104904
1648642132.02 -0.483570069075 0.70251840353 0.40729534626 -0.083439454 -0.46802515 1.50300002098
1648642133.05 -0.469469040632 0.70585924387 0.439999997616 -0.07411158 0.5970102 0.943000078201
1648642154.2 -0.233903676271 0.51522821188 1.38359057903 -0.07411158 0.5970102 1.10599994659
1648642163.93 -0.47881603241 0.621370911598 1.32800137997 -0.07411158 0.5970102 0.0369999408722
1648642314.39 -0.396948873997 0.535639345646 1.51304423809 -0.07411158 0.5970102 0.533999919891
1648642332.98 -0.249741107225 0.535935938358 1.53799402714 -0.07411158 0.5970102 0.0989999771118
1648642335.77 -0.395158201456 0.625778079033 1.52560222149 -0.07411158 0.5970102 0.848000049591
1648642366.69 -0.255230605602 0.562284052372 1.54900085926 -0.07411158 0.5970102 0.452999830246
1648642368.89 -0.35656234622 0.684651732445 1.57640326023 -0.07411158 0.5970102 0.133000135422
1648642368.96 -0.367725729942 0.684789299965 1.57061326504 -0.07411158 0.5970102 0.0450000762939
1648642369.03 -0.374779939651 0.689806222916 1.56298089027 -0.07411158 0.5970102 0.0590000152588
1648642369.18 -0.385402262211 0.694345474243 1.5504925251 -0.07411158 0.5970102 0.143000125885
1648642369.3 -0.393196463585 0.691745698452 1.53328490257 -0.07411158 0.5970102 0.0429999828339
1648642369.32 -0.397403627634 0.694017827511 1.51731514931 -0.07411158 0.5970102 0.0090000629425
1648642369.84 -0.368799120188 0.717931568623 1.44996893406 -0.07411158 0.5970102 0.348000049591
1648642370.08 -0.36430388689 0.726244866848 1.44441926479 -0.07411158 0.5970102 0.0930001735687
1648642370.7 -0.195256128907 0.626046419144 1.46978294849 -0.07411158 0.5970102 0.366999864578
1648642370.72 -0.182176709175 0.657829642296 1.45365202427 -0.07411158 0.5970102 0.00699996948242
1648642371.55 -0.292608857155 0.547296583652 1.65866184235 -0.07411158 0.5970102 0.822999954224
1648642380.1 -0.232384979725 0.467238426208 1.38859295845 -0.07411158 0.5970102 0.266999959946
1648642380.12 -0.240981698036 0.464929521084 1.37721395493 -0.07411158 0.5970102 0.0169999599457
1648642436.74 -0.32828232646 0.600876688957 1.43313992023 -0.07411158 0.5970102 0.931999921799
1648642456.93 -0.304018884897 0.568938851357 1.43654406071 -0.07411158 0.5970102 0.391000032425
1648642460.12 -0.389239877462 0.70780223608 1.55011212826 -0.07411158 0.5970102 2.54200005531
1648642460.38 -0.325891435146 0.656429767609 1.58471357822 -0.07411158 0.5970102 0.250999927521
1648642471.06 -0.265877425671 0.530861079693 1.56167256832 -0.07411158 0.5970102 0.194000005722
1648642474.5 -0.320250093937 0.702782154083 1.59762322903 -0.07411158 0.5970102 2.53200006485
1648642483.44 -0.293543815613 0.717773914337 1.61107802391 0.13978441 0.15621713 2.64400005341
1648642579.74 -0.0415308177471 0.568745732307 1.0969145298 0.13978441 0.15621713 0.233999967575
1648642582.01 -0.153232708573 0.496423274279 0.919912576675 0.13978441 0.15621713 1.22799992561
