1637072448.59 -0.491891205311 0.682802677155 0.395734369755 -0.17744917 -0.52422565
1637072470.0 -0.533773481846 0.6948158741 0.400214463472 -0.17744917 -0.52422565
1637072472.02 -0.382127523422 0.680118858814 0.3525826931 -0.17744917 -0.52422565
1637072513.25 -0.3735922575 0.622204363346 0.30679577589 -0.17744917 -0.52422565
1637072525.21 -0.427265107632 0.713945567608 0.423404842615 -0.17744917 -0.52422565
1637072572.93 -0.353383123875 0.650339901447 0.35604134202 -0.17744917 -0.52422565
1637072577.15 -0.372291743755 0.68344193697 0.359708249569 -0.17744917 -0.52422565
1637072579.16 -0.478889882565 0.65661239624 0.475912898779 -0.17744917 -0.52422565
1637072585.24 -0.422506660223 0.680722057819 0.348105221987 -0.17744917 -0.52422565
1637072587.25 -0.379200786352 0.6917360425 0.351826399565 -0.17744917 -0.52422565
1637072610.36 -0.301081627607 0.628182411194 1.60506081581 -0.06454206 0.69958156
1637072684.39 -0.352222412825 0.673619151115 1.54550611973 -0.06454206 0.69958156
1637072708.0 -0.331686288118 0.680305123329 1.54583978653 -0.06454206 0.69958156
1637072733.27 -0.307639181614 0.658827424049 1.66969621181 -0.06454206 0.69958156
1637072736.22 -0.346019655466 0.705773293972 1.63729310036 -0.06454206 0.69958156
1637072748.78 -0.2655852139 0.628827631474 1.52119886875 -0.06454206 0.69958156
1637072767.62 -0.297304362059 0.625180006027 1.60914170742 -0.06454206 0.69958156
1637072800.3 -0.368910163641 0.624099135399 1.55890202522 -0.06454206 0.69958156
1637072818.0 -0.307712107897 0.688010275364 1.57971429825 -0.06454206 0.69958156
1637072820.05 -0.29600507021 0.620243728161 1.56609737873 -0.06454206 0.69958156
1637072831.17 -0.0952721387148 0.672769725323 0.577501893044 0.20612635 -0.31639883
1637072894.84 0.0249096900225 0.643086135387 0.572418689728 0.20612635 -0.31639883
1637072913.05 -0.0397689118981 0.672653794289 0.593509793282 0.20612635 -0.31639883
1637072928.72 0.0466795898974 0.649529516697 0.491581678391 0.20612635 -0.31639883
1637072930.73 -0.0259329695255 0.684001147747 0.633799672127 0.20612635 -0.31639883
1637072944.2 -0.0534506291151 0.658032417297 0.52403652668 0.20612635 -0.31639883
1637072960.49 -0.0273660197854 0.6738961339 0.606453001499 0.20612635 -0.31639883
1637072977.4 0.0317141413689 0.674427509308 0.510780632496 0.20612635 -0.31639883
1637072981.42 -0.0317291468382 0.709685385227 0.596433579922 0.20612635 -0.31639883
1637073018.81 -0.0848074927926 0.625408947468 0.721995532513 0.20612635 -0.31639883
1637073030.03 -0.178388476372 0.668936729431 0.127113208175 0.075266294 -0.7504675
1637073096.17 -0.158633261919 0.647757411003 0.180452257395 0.075266294 -0.7504675
1637073115.85 -0.211316615343 0.675122261047 0.183702155948 0.075266294 -0.7504675
1637073117.86 -0.213032856584 0.663724601269 0.148586899042 0.075266294 -0.7504675
1637073136.03 -0.20725864172 0.69048511982 0.140932783484 0.075266294 -0.7504675
1637073174.68 -0.214360803366 0.622479379177 0.0612096562982 0.075266294 -0.7504675
1637073179.13 -0.178514301777 0.687039375305 0.175464108586 0.075266294 -0.7504675
1637073181.14 -0.186592489481 0.678995072842 0.112105570734 0.075266294 -0.7504675
1637073195.17 -0.151060730219 0.6750395298 0.184771955013 0.075266294 -0.7504675
1637073197.56 -0.101486563683 0.665241122246 0.273532241583 0.075266294 -0.7504675
1637073218.61 -0.235096201301 0.649562299252 0.783994197845 -0.03533947 -0.1506929
1637073281.76 -0.32381978631 0.702209174633 0.719806909561 -0.03533947 -0.1506929
1637073284.94 -0.255357593298 0.661603212357 0.706913948059 -0.03533947 -0.1506929
1637073350.01 -0.311273545027 0.655482172966 0.778072357178 -0.03533947 -0.1506929
1637073359.42 -0.266475945711 0.697091341019 0.752758145332 -0.03533947 -0.1506929
1637073361.43 -0.411364555359 0.641277194023 0.818795204163 -0.03533947 -0.1506929
1637073364.42 -0.213984102011 0.64834934473 0.739063739777 -0.03533947 -0.1506929
1637073366.44 -0.210040688515 0.687575042248 0.750700235367 -0.03533947 -0.1506929
1637073378.59 -0.33510813117 0.675798475742 0.752903044224 -0.03533947 -0.1506929
1637073443.26 -0.326200455427 0.661861896515 0.766280293465 -0.03533947 -0.1506929
1637073449.54 0.0331276655197 0.663123548031 0.159384265542 0.3336901 -0.73224515
1637073513.95 0.0281217321754 0.672510623932 0.186037927866 0.3336901 -0.73224515
1637073528.06 0.0658952221274 0.663155257702 0.200435936451 0.3336901 -0.73224515
1637073530.07 0.00788504537195 0.675197064877 0.258592009544 0.3336901 -0.73224515
1637073533.05 0.0704371482134 0.622811734676 0.235237240791 0.3336901 -0.73224515
1637073580.47 0.155895993114 0.65936011076 0.175904259086 0.3336901 -0.73224515
1637073583.25 0.0249066259712 0.665878176689 0.123916357756 0.3336901 -0.73224515
1637073586.05 0.148668810725 0.621788799763 0.15404433012 0.3336901 -0.73224515
1637073591.06 0.0508294031024 0.663354873657 0.181605055928 0.3336901 -0.73224515
1637073603.72 0.130993247032 0.668543040752 0.166871279478 0.3336901 -0.73224515
1637073614.04 -0.387724399567 0.669581711292 1.02024829388 -0.15726718 0.14375485
1637073678.53 -0.365824759007 0.686491966248 1.00525569916 -0.15726718 0.14375485
1637073690.62 -0.463384091854 0.668366611004 1.06943273544 -0.15726718 0.14375485
1637073737.37 -0.408549457788 0.67372739315 0.92904317379 -0.15726718 0.14375485
1637073743.3 -0.384004324675 0.686148881912 1.05124771595 -0.15726718 0.14375485
1637073763.72 -0.52074867487 0.687769412994 0.982674717903 -0.15726718 0.14375485
1637073772.07 -0.440501689911 0.692191720009 1.10371088982 -0.15726718 0.14375485
1637073840.15 -0.449708640575 0.676236450672 1.05758273602 -0.15726718 0.14375485
1637073863.47 -0.436490595341 0.686111211777 1.05606150627 -0.15726718 0.14375485
1637073877.8 -0.441099971533 0.673233687878 1.00081503391 -0.15726718 0.14375485
1637073887.66 -0.158608168364 0.68181592226 0.582000076771 0.13192436 -0.35766283
1637073949.54 -0.173996418715 0.662767827511 0.536621809006 0.13192436 -0.35766283
1637073958.35 -0.192934796214 0.650490343571 0.534052968025 0.13192436 -0.35766283
1637074027.13 -0.125142753124 0.684703290462 0.491022258997 0.13192436 -0.35766283
1637074032.98 -0.122626274824 0.654567658901 0.566871404648 0.13192436 -0.35766283
1637074062.47 -0.102092899382 0.646799385548 0.501006126404 0.13192436 -0.35766283
1637074071.95 -0.182456672192 0.700462281704 0.565317511559 0.13192436 -0.35766283
1637074091.32 -0.114730343223 0.628096163273 0.483848184347 0.13192436 -0.35766283
1637074099.24 -0.0856153964996 0.682503402233 0.566821038723 0.13192436 -0.35766283
1637074101.25 -0.0322652086616 0.661973237991 0.445515364408 0.13192436 -0.35766283
1637074114.61 -0.141238719225 0.654311776161 0.153373211622 0.06487846 -0.7756733
1637074179.21 -0.19032266736 0.691087603569 0.154848024249 0.06487846 -0.7756733
1637074190.98 -0.231596902013 0.685628175735 0.1234684214 0.06487846 -0.7756733
1637074206.56 -0.106042198837 0.694837629795 0.0470786727965 0.06487846 -0.7756733
1637074217.15 -0.181052148342 0.685323655605 0.193233579397 0.06487846 -0.7756733
1637074219.16 -0.172375097871 0.694913566113 0.149376347661 0.06487846 -0.7756733
1637074235.27 -0.142223894596 0.672187566757 0.151520863175 0.06487846 -0.7756733
1637074251.14 -0.202523946762 0.690185964108 0.00579177029431 0.06487846 -0.7756733
1637074255.02 -0.216973915696 0.713441550732 0.178680151701 0.06487846 -0.7756733
1637074270.42 -0.178386271 0.65700340271 0.122130632401 0.06487846 -0.7756733
1637074301.89 -0.222666352987 0.670629918575 1.18625056744 -0.008305835 0.25101405
1637074335.52 -0.323200970888 0.655163705349 1.08619499207 -0.008305835 0.25101405
1637074348.64 -0.217872291803 0.669733703136 1.11491119862 -0.008305835 0.25101405
1637074380.92 -0.328297108412 0.651855349541 1.11393690109 -0.008305835 0.25101405
1637074382.93 -0.252914726734 0.659144580364 1.08981776237 -0.008305835 0.25101405
