1637072447.52 -0.468652546406 0.495960772038 0.311121761799 -0.17744917 -0.52422565 0.322999954224
1637072449.25 -0.580856144428 0.513967931271 0.40273937583 -0.17744917 -0.52422565 1.36699986458
1637072454.08 -0.580116629601 0.468084663153 0.365249246359 -0.17744917 -0.52422565 0.0250000953674
1637072454.33 -0.562582790852 0.468821257353 0.448210120201 -0.17744917 -0.52422565 0.209000110626
1637072455.44 -0.305784970522 0.458324998617 0.49163249135 -0.17744917 -0.52422565 0.191999912262
1637072470.01 -0.533773481846 0.6948158741 0.400214463472 -0.17744917 -0.52422565 1.48300004005
1637072470.88 -0.354998618364 0.559536755085 0.381500720978 -0.17744917 -0.52422565 0.117000102997
1637072472.65 -0.316596120596 0.532297611237 0.277059048414 -0.17744917 -0.52422565 1.54999995232
1637072482.58 -0.318025290966 0.49526271224 0.479186266661 -0.17744917 -0.52422565 0.817000150681
1637072484.59 -0.467412948608 0.533639073372 0.521579742432 -0.17744917 -0.52422565 0.349999904633
1637072513.26 -0.370232433081 0.621313631535 0.306257665157 -0.17744917 -0.52422565 1.04999995232
1637072516.08 -0.358401507139 0.465197384357 0.350509911776 -0.17744917 -0.52422565 0.342000007629
1637072516.16 -0.352994948626 0.4644780159 0.364196866751 -0.17744917 -0.52422565 0.00800013542175
1637072526.04 -0.465215146542 0.474097013474 0.228708729148 -0.17744917 -0.52422565 2.0
1637072527.68 -0.551686584949 0.469528824091 0.276604741812 -0.17744917 -0.52422565 0.183000087738
1637072528.63 -0.56331628561 0.466736406088 0.446241796017 -0.17744917 -0.52422565 0.474999904633
1637072529.43 -0.293474555016 0.458294570446 0.492951363325 -0.17744917 -0.52422565 0.592000007629
1637072544.19 -0.481600403786 0.658930063248 0.517361998558 -0.17744917 -0.52422565 1.19200015068
1637072554.32 -0.307833611965 0.46270725131 0.465665519238 -0.17744917 -0.52422565 0.592000007629
1637072565.57 -0.558330953121 0.522076487541 0.298467665911 -0.17744917 -0.52422565 0.425999879837
1637072572.94 -0.354800105095 0.648516952991 0.353799968958 -0.17744917 -0.52422565 1.50800013542
1637072573.76 -0.461575835943 0.556286811829 0.308174043894 -0.17744917 -0.52422565 0.783999919891
1637072575.1 -0.47112685442 0.639734089375 0.440015763044 -0.17744917 -0.52422565 0.0920000076294
1637072579.17 -0.477012783289 0.654130458832 0.47767367959 -0.17744917 -0.52422565 2.52300000191
1637072583.95 -0.389801621437 0.456736683846 0.311152011156 -0.17744917 -0.52422565 0.466000080109
1637072587.26 -0.379200786352 0.6917360425 0.351826399565 -0.06454206 0.69958156 2.52600002289
1637072592.45 -0.307828009129 0.483933418989 1.52337169647 -0.06454206 0.69958156 0.503999948502
1637072596.16 -0.427088826895 0.457466244698 1.66106212139 -0.06454206 0.69958156 0.825999975204
1637072607.95 -0.240122720599 0.574640274048 1.62135970592 -0.06454206 0.69958156 0.4359998703
1637072611.08 -0.481161266565 0.550410628319 1.67397522926 -0.06454206 0.69958156 1.22199988365
1637072650.54 -0.449290305376 0.463242799044 1.66544032097 -0.06454206 0.69958156 0.78400015831
1637072682.19 -0.388926208019 0.45823943615 1.61154139042 -0.06454206 0.69958156 0.930000066757
1637072684.57 -0.356824666262 0.692776560783 1.53809022903 -0.06454206 0.69958156 0.680000066757
1637072709.52 -0.172356158495 0.465360343456 1.65797710419 -0.06454206 0.69958156 2.21399998665
1637072734.21 -0.346920490265 0.61519241333 1.53123676777 -0.06454206 0.69958156 2.40900015831
1637072735.52 -0.378777623177 0.709055662155 1.56288862228 -0.06454206 0.69958156 0.174999952316
1637072737.47 -0.135319545865 0.459068924189 1.59666574001 -0.06454206 0.69958156 1.7539999485
1637072746.86 -0.161585211754 0.459957718849 1.59109127522 -0.06454206 0.69958156 0.516000032425
1637072747.27 -0.229163572192 0.460527747869 1.47502243519 -0.06454206 0.69958156 0.400000095367
1637072748.79 -0.263805359602 0.630289673805 1.52158105373 -0.06454206 0.69958156 0.509000062943
1637072749.98 -0.348930954933 0.460708498955 1.66676676273 -0.06454206 0.69958156 0.442000150681
1637072766.89 -0.260392785072 0.670137107372 1.54578256607 -0.06454206 0.69958156 0.661000013351
1637072768.51 -0.236149609089 0.604009628296 1.73167395592 -0.06454206 0.69958156 1.39100003242
1637072797.84 -0.455575317144 0.468863397837 1.64891588688 -0.06454206 0.69958156 0.700999975204
1637072797.86 -0.459282904863 0.463172823191 1.64704120159 -0.06454206 0.69958156 0.0090000629425
1637072800.32 -0.370141535997 0.619697272778 1.549705863 -0.06454206 0.69958156 0.532999992371
1637072803.42 -0.38762819767 0.457586973906 1.62570786476 -0.06454206 0.69958156 0.217000007629
1637072803.57 -0.365189224482 0.459446400404 1.65388643742 -0.06454206 0.69958156 0.0659999847412
1637072803.65 -0.349179714918 0.459567010403 1.66821956635 -0.06454206 0.69958156 0.0750000476837
1637072804.44 -0.268767207861 0.471748352051 1.69294059277 -0.06454206 0.69958156 0.575000047684
1637072805.58 -0.280602931976 0.565279603004 1.53012514114 -0.06454206 0.69958156 0.528000116348
1637072816.75 -0.393679767847 0.533322989941 1.60452723503 -0.06454206 0.69958156 0.72000002861
1637072817.14 -0.386544704437 0.505816042423 1.61902189255 -0.06454206 0.69958156 0.296000003815
1637072818.53 -0.270879566669 0.574153661728 1.45495867729 -0.06454206 0.69958156 1.15000009537
1637072820.06 -0.294377535582 0.622386336327 1.56543171406 0.20612635 -0.31639883 0.676000118256
1637072827.65 0.00771018862724 0.496512204409 0.636362791061 0.20612635 -0.31639883 1.32500004768
1637072829.69 -0.121668562293 0.453306168318 0.587506949902 0.20612635 -0.31639883 0.503000020981
1637072832.35 -0.126929834485 0.451510488987 0.718809664249 0.20612635 -0.31639883 1.69499993324
1637072837.01 0.0304430313408 0.449616014957 0.447451382875 0.20612635 -0.31639883 1.64999985695
1637072842.19 -0.0433149002492 0.450103402138 0.741983175278 0.20612635 -0.31639883 0.891999959946
1637072859.01 -0.196990057826 0.506350159645 0.598386287689 0.20612635 -0.31639883 0.424999952316
1637072873.55 0.0510225296021 0.449798882008 0.711852192879 0.20612635 -0.31639883 0.600000143051
1637072893.89 -0.052184715867 0.45645609498 0.500038444996 0.20612635 -0.31639883 1.31300020218
1637072894.86 0.0289112813771 0.640594363213 0.573426902294 0.20612635 -0.31639883 0.680000066757
1637072912.24 -0.0273614749312 0.654170930386 0.508950412273 0.20612635 -0.31639883 0.476000070572
1637072913.69 0.0757727250457 0.451152533293 0.673456668854 0.20612635 -0.31639883 1.13800001144
1637072925.14 -0.157856822014 0.494934082031 0.482782006264 0.20612635 -0.31639883 1.02500009537
1637072925.24 -0.156948521733 0.467908024788 0.476502895355 0.20612635 -0.31639883 0.0250000953674
1637072927.35 0.0919216200709 0.448476672173 0.507473230362 0.20612635 -0.31639883 0.759000062943
1637072928.72 0.0441292077303 0.647287249565 0.49005433917 0.20612635 -0.31639883 0.516999959946
1637072931.26 -0.093111127615 0.45404663682 0.726764261723 0.20612635 -0.31639883 1.59999990463
1637072945.81 -0.0942108854651 0.545515060425 0.640475869179 0.20612635 -0.31639883 3.03899979591
1637072947.76 -0.00445754826069 0.498220562935 0.487597316504 0.20612635 -0.31639883 0.96599984169
1637072948.27 -0.11741347611 0.454314470291 0.606339395046 0.20612635 -0.31639883 0.322999954224
1637072959.29 -0.0570467449725 0.470717072487 0.658817231655 0.20612635 -0.31639883 0.467000007629
1637072961.3 0.0921203494072 0.48804166913 0.658994674683 0.20612635 -0.31639883 1.31399989128
1637072976.66 0.0868443846703 0.524450838566 0.512393593788 0.20612635 -0.31639883 0.625999927521
1637072977.41 0.0323025360703 0.673605978489 0.510752499104 0.20612635 -0.31639883 0.608999967575
1637072980.65 -0.0610666759312 0.502862453461 0.656659126282 0.20612635 -0.31639883 0.794000148773
1637072983.14 0.0843127891421 0.448669910431 0.678544640541 0.20612635 -0.31639883 2.27600002289
1637072990.07 0.066118478775 0.450499653816 0.472870707512 0.20612635 -0.31639883 0.742000102997
1637072998.52 0.0838715955615 0.45018440485 0.66832780838 0.20612635 -0.31639883 0.417000055313
1637073018.82 -0.0842597186565 0.628244578838 0.721506893635 0.075266294 -0.7504675 1.02499985695
1637073022.18 -0.184765011072 0.462045609951 0.224523365498 0.075266294 -0.7504675 0.0380001068115
1637073022.23 -0.213542759418 0.460718899965 0.222792938352 0.075266294 -0.7504675 0.0429999828339
1637073022.75 -0.237651541829 0.462351232767 0.19538410008 0.075266294 -0.7504675 0.375999927521
1637073024.83 -0.0208499003202 0.509672284126 0.124352708459 0.075266294 -0.7504675 1.72099995613
1637073025.83 -0.221034795046 0.569738566875 0.213893190026 0.075266294 -0.7504675 0.594000101089
1637073028.55 -0.0708445236087 0.492599576712 0.198190942407 0.075266294 -0.7504675 0.545000076294
1637073030.87 -0.321046799421 0.65250223875 0.195958063006 0.075266294 -0.7504675 1.34700012207
1637073042.08 -0.0124956890941 0.456927031279 0.191964283586 0.075266294 -0.7504675 0.742000102997
1637073058.85 -0.134185582399 0.464017063379 0.295030415058 0.075266294 -0.7504675 1.15799999237
1637073094.41 -0.10238738358 0.51350659132 0.15072208643 0.075266294 -0.7504675 0.961999893188
1637073095.19 -0.127328872681 0.662401020527 0.205522671342 0.075266294 -0.7504675 0.166999816895
1637073096.67 -0.190374225378 0.664241611958 0.224856436253 0.075266294 -0.7504675 1.00600004196
1637073103.61 -0.0116967856884 0.510342359543 0.157894402742 0.075266294 -0.7504675 0.746000051498
1637073117.98 -0.241135120392 0.609221100807 0.192947894335 0.075266294 -0.7504675 3.05900001526
1637073134.02 -0.176456004381 0.466446816921 0.0526426099241 0.075266294 -0.7504675 0.667000055313
1637073134.03 -0.182422608137 0.468072742224 0.0493566058576 0.075266294 -0.7504675 0.00600004196167
1637073134.78 -0.226881042123 0.465944230556 0.0901836231351 0.075266294 -0.7504675 0.0390000343323
1637073134.81 -0.237372398376 0.468147397041 0.0943325310946 0.075266294 -0.7504675 0.0170001983643
1637073136.8 -0.294837266207 0.609515249729 0.244701609015 0.075266294 -0.7504675 1.67499995232
1637073149.06 -0.261500447989 0.510193169117 0.275427371264 0.075266294 -0.7504675 0.991999864578
1637073167.52 0.0490827187896 0.459932923317 0.14281386137 0.075266294 -0.7504675 0.766999959946
1637073173.62 -0.198892697692 0.669266819954 0.298543214798 0.075266294 -0.7504675 0.209000110626
1637073174.68 -0.213207930326 0.626275897026 0.0601555220783 0.075266294 -0.7504675 0.950000047684
1637073177.12 -0.207938238978 0.466740489006 0.219416707754 0.075266294 -0.7504675 0.916000127792
1637073181.45 -0.220505103469 0.555017113686 0.213724166155 0.075266294 -0.7504675 2.8220000267
1637073182.63 -0.208598420024 0.461345762014 0.0804469287395 0.075266294 -0.7504675 0.733999967575
1637073183.57 -0.242617934942 0.463518410921 0.110194794834 0.075266294 -0.7504675 0.296999931335
1637073183.66 -0.242448791862 0.462955355644 0.110729530454 0.075266294 -0.7504675 0.0169999599457
1637073183.86 -0.252666980028 0.466378569603 0.136476039886 0.075266294 -0.7504675 0.192000150681
1637073195.71 -0.098377071321 0.650162935257 0.276966333389 0.075266294 -0.7504675 1.04799985886
1637073197.56 -0.100889146328 0.665575563908 0.272676855326 -0.03533947 -0.1506929 0.516999959946
1637073219.27 -0.192742973566 0.503650784492 0.87077742815 -0.03533947 -0.1506929 2.06700015068
1637073253.51 -0.362140744925 0.458368122578 0.882600069046 -0.03533947 -0.1506929 0.566999912262
1637073272.74 -0.294292032719 0.462497055531 0.593119204044 -0.03533947 -0.1506929 0.733999967575
1637073282.25 -0.329094588757 0.707100212574 0.686614155769 -0.03533947 -0.1506929 1.08700013161
1637073282.66 -0.285528808832 0.603465855122 0.673346757889 -0.03533947 -0.1506929 0.184000015259
1637073285.44 -0.136449158192 0.487178117037 0.738871216774 -0.03533947 -0.1506929 1.21700000763
1637073309.29 -0.13542239368 0.489105820656 0.724058508873 -0.03533947 -0.1506929 0.616999864578
1637073333.7 -0.383661627769 0.476634591818 0.865027010441 -0.03533947 -0.1506929 0.634000062943
1637073348.5 -0.319632530212 0.661485791206 0.817790806293 -0.03533947 -0.1506929 0.797000169754
1637073349.11 -0.307226359844 0.673267483711 0.821851372719 -0.03533947 -0.1506929 0.0090000629425
1637073349.2 -0.308533787727 0.675636589527 0.821783006191 -0.03533947 -0.1506929 0.0170001983643
1637073349.21 -0.31019833684 0.67476350069 0.820612430573 -0.03533947 -0.1506929 0.0090000629425
1637073350.63 -0.323515117168 0.643416523933 0.816668331623 -0.03533947 -0.1506929 1.12099981308
1637073357.38 -0.32935872674 0.516276240349 0.67167276144 -0.03533947 -0.1506929 0.00899982452393
1637073358.09 -0.22550329566 0.458200961351 0.793059766293 -0.03533947 -0.1506929 0.699000120163
1637073361.43 -0.410681903362 0.642723858356 0.819103300571 -0.03533947 -0.1506929 2.51399993896
1637073366.44 -0.210570663214 0.687603831291 0.750565111637 -0.03533947 -0.1506929 2.61800003052
1637073366.73 -0.21176572144 0.690039277077 0.754837393761 -0.03533947 -0.1506929 0.250999927521
1637073377.82 -0.359016269445 0.587738752365 0.72818005085 -0.03533947 -0.1506929 0.754999876022
1637073379.27 -0.437170267105 0.555678725243 0.725354135036 -0.03533947 -0.1506929 1.19599986076
1637073441.17 -0.342040508986 0.554381966591 0.69817006588 -0.03533947 -0.1506929 0.503999948502
1637073441.36 -0.354469120502 0.601741671562 0.717082619667 -0.03533947 -0.1506929 0.133999824524
1637073441.88 -0.362119108438 0.618118464947 0.738979160786 -0.03533947 -0.1506929 0.443000078201
1637073443.27 -0.32530194521 0.663586974144 0.766442716122 0.3336901 -0.73224515 0.513999938965
1637073448.29 0.0505400560796 0.459117680788 0.0941622257233 0.3336901 -0.73224515 0.914000034332
1637073450.36 -0.0544590651989 0.580411076546 0.233625546098 0.3336901 -0.73224515 1.66200017929
1637073514.28 0.0065503846854 0.668324947357 0.180794820189 0.3336901 -0.73224515 1.56699991226
1637073517.49 0.115397304296 0.574560821056 0.235785320401 0.3336901 -0.73224515 1.1210000515
1637073518.79 0.119469441473 0.667175889015 0.230885818601 0.3336901 -0.73224515 0.133999824524
1637073520.87 0.0306879188865 0.613333046436 0.223703488708 0.3336901 -0.73224515 0.447999954224
1637073524.37 0.0806833431125 0.656661331654 0.244242265821 0.3336901 -0.73224515 0.0839998722076
1637073525.44 0.0178544223309 0.497051477432 0.123895652592 0.3336901 -0.73224515 0.250999927521
1637073526.15 0.00499651581049 0.67582565546 0.163217946887 0.3336901 -0.73224515 0.325999975204
1637073530.08 0.00595989450812 0.674491882324 0.259423226118 0.3336901 -0.73224515 2.54999995232
1637073533.76 0.0633829087019 0.524262309074 0.316215395927 0.3336901 -0.73224515 1.22099995613
1637073558.88 0.0324544943869 0.454811573029 0.313701033592 0.3336901 -0.73224515 1.32500004768
1637073577.76 -0.0349298715591 0.481918513775 0.277167826891 0.3336901 -0.73224515 0.0090000629425
1637073578.72 0.0624385401607 0.673962891102 0.0174448005855 0.3336901 -0.73224515 0.958999872208
1637073580.48 0.157087609172 0.65944391489 0.178355008364 0.3336901 -0.73224515 0.517000198364
1637073585.08 0.156860545278 0.628024935722 0.29597851634 0.3336901 -0.73224515 2.33000016212
1637073585.4 0.180686950684 0.698286652565 0.278690695763 0.3336901 -0.73224515 0.15900015831
1637073587.14 0.0299155265093 0.467723399401 0.111276507378 0.3336901 -0.73224515 1.60000014305
1637073589.41 0.12399174273 0.639374256134 0.229343771935 0.3336901 -0.73224515 0.72200012207
1637073589.91 0.114653781056 0.692401051521 0.234757214785 0.3336901 -0.73224515 0.109000205994
1637073592.1 -0.0673906952143 0.664777636528 0.19757476449 0.3336901 -0.73224515 1.54700016975
1637073603.73 0.130526527762 0.669315755367 0.166812479496 -0.15726718 0.14375485 2.20900011063
1637073615.16 -0.255015701056 0.45835763216 1.04756724834 -0.15726718 0.14375485 2.22799992561
1637073648.54 -0.557158827782 0.462222009897 1.06628298759 -0.15726718 0.14375485 0.0090000629425
1637073648.57 -0.565837740898 0.463976383209 1.05477011204 -0.15726718 0.14375485 0.0169999599457
1637073649.34 -0.532514691353 0.461475402117 0.959495782852 -0.15726718 0.14375485 0.769000053406
1637073675.86 -0.473845809698 0.519233226776 1.00778591633 -0.15726718 0.14375485 0.226000070572
1637073676.64 -0.479454398155 0.685412824154 1.06812179089 -0.15726718 0.14375485 0.216999769211
1637073679.25 -0.349159836769 0.615500628948 0.992906033993 -0.15726718 0.14375485 1.23000001907
1637073689.44 -0.469631612301 0.461859941483 1.08866846561 -0.15726718 0.14375485 0.629999876022
1637073692.24 -0.258280068636 0.551239073277 1.06229031086 -0.15726718 0.14375485 2.13700008392
1637073722.61 -0.562635242939 0.541425228119 0.911623179913 -0.15726718 0.14375485 1.8180000782
1637073736.75 -0.408460587263 0.645290672779 0.893450737 -0.15726718 0.14375485 0.066999912262
1637073737.37 -0.408549457788 0.67372739315 0.92904317379 -0.15726718 0.14375485 0.515999794006
1637073739.28 -0.392728954554 0.509603083134 0.970636367798 -0.15726718 0.14375485 0.384999990463
1637073742.53 -0.350942730904 0.530560791492 1.09384465218 -0.15726718 0.14375485 0.453000068665
1637073744.13 -0.510156393051 0.464356303215 1.1610468626 -0.15726718 0.14375485 1.40500020981
1637073762.52 -0.542305707932 0.516874551773 0.977161288261 -0.15726718 0.14375485 0.733999967575
1637073763.72 -0.51993137598 0.687543869019 0.980890870094 -0.15726718 0.14375485 0.516999959946
1637073767.55 -0.336123436689 0.517608940601 1.06708061695 -0.15726718 0.14375485 0.62099981308
1637073771.01 -0.455046236515 0.458222061396 1.10387790203 -0.15726718 0.14375485 0.0090000629425
1637073772.73 -0.362292200327 0.618737697601 1.18769907951 -0.15726718 0.14375485 1.17900013924
1637073773.21 -0.316810905933 0.674965560436 1.16407334805 -0.15726718 0.14375485 0.358000040054
1637073773.48 -0.319342344999 0.660916745663 1.16576898098 -0.15726718 0.14375485 0.125
1637073789.71 -0.317154228687 0.482009142637 1.16412222385 -0.15726718 0.14375485 1.30099987984
1637073795.4 -0.450079530478 0.459686517715 0.898262739182 -0.15726718 0.14375485 1.22500014305
1637073800.6 -0.423590391874 0.648059844971 0.893604516983 -0.15726718 0.14375485 0.21799993515
1637073801.47 -0.465832680464 0.665612637997 0.903914272785 -0.15726718 0.14375485 0.141999959946
1637073805.39 -0.287759244442 0.524510383606 1.14372491837 -0.15726718 0.14375485 0.842000007629
1637073823.33 -0.461443513632 0.458900898695 0.903829991817 -0.15726718 0.14375485 0.00799989700317
1637073824.13 -0.433375597 0.525110304356 1.19494795799 -0.15726718 0.14375485 0.791999816895
1637073836.56 -0.431573569775 0.49142986536 0.968287885189 -0.15726718 0.14375485 1.34400010109
1637073838.69 -0.467762619257 0.624350249767 0.998395979404 -0.15726718 0.14375485 0.50200009346
1637073838.91 -0.468613088131 0.634684443474 0.999308764935 -0.15726718 0.14375485 0.0260000228882
1637073838.92 -0.469346761703 0.637968182564 0.999702513218 -0.15726718 0.14375485 0.0090000629425
1637073839.37 -0.464365929365 0.650240123272 0.99405580759 -0.15726718 0.14375485 0.417000055313
1637073840.51 -0.480365723372 0.653136372566 1.0639231205 -0.15726718 0.14375485 0.883999824524
1637073856.09 -0.315988779068 0.455340057611 1.03391230106 -0.15726718 0.14375485 0.476999998093
1637073858.72 -0.373286157846 0.491883218288 0.975170433521 -0.15726718 0.14375485 1.09599995613
1637073862.23 -0.47832685709 0.461889117956 1.07501661777 -0.15726718 0.14375485 0.669999837875
1637073865.28 -0.264186561108 0.600085377693 0.988123238087 -0.15726718 0.14375485 2.36199998856
1637073877.81 -0.44139456749 0.674679160118 1.00011992455 0.13192436 -0.35766283 1.30799984932
1637073885.84 -0.169802770019 0.655652821064 0.602735519409 0.13192436 -0.35766283 0.930999994278
1637073888.68 -0.254501342773 0.514971613884 0.471841543913 0.13192436 -0.35766283 1.742000103
1637073950.34 -0.049225948751 0.497575640678 0.569003105164 0.13192436 -0.35766283 1.72599983215
1637073957.38 -0.209270045161 0.457805871964 0.568831562996 0.13192436 -0.35766283 0.81200003624
1637073958.97 -0.268185585737 0.626501202583 0.509438216686 0.13192436 -0.35766283 1.1210000515
1637073972.66 0.00843281298876 0.606105327606 0.62188565731 0.13192436 -0.35766283 0.632999897003
1637073974.82 -0.252473086119 0.473074704409 0.614674389362 0.13192436 -0.35766283 0.667999982834
1637073992.32 -0.0414185747504 0.573915183544 0.670091986656 0.13192436 -0.35766283 0.84299993515
1637074024.24 -0.195042073727 0.456551522017 0.55687135458 0.13192436 -0.35766283 0.623000144958
1637074024.55 -0.195982813835 0.455874472857 0.541687488556 0.13192436 -0.35766283 0.018000125885
1637074025.21 -0.0489566549659 0.455483436584 0.516227185726 0.13192436 -0.35766283 0.648999929428
1637074025.35 -0.0471343845129 0.474354594946 0.502821564674 0.13192436 -0.35766283 0.0209999084473
1637074026.31 -0.164685592055 0.639676332474 0.481369644403 0.13192436 -0.35766283 0.718000173569
1637074027.6 -0.120119161904 0.663843214512 0.466549754143 0.13192436 -0.35766283 0.966000080109
1637074033.53 0.0257409736514 0.47593319416 0.586621642113 0.13192436 -0.35766283 1.35100007057
1637074056.12 -0.126025423408 0.523152351379 0.390334814787 0.13192436 -0.35766283 0.542000055313
1637074063.93 -0.0452381633222 0.598522543907 0.532170474529 0.13192436 -0.35766283 1.97600007057
1637074065.87 -0.10939142853 0.455920785666 0.616759419441 0.13192436 -0.35766283 0.179000139236
1637074071.36 -0.18783891201 0.58214277029 0.508901774883 0.13192436 -0.35766283 0.384000062943
1637074072.71 -0.247158288956 0.644196867943 0.62471985817 0.13192436 -0.35766283 1.26999998093
1637074091.45 -0.107691638172 0.614813745022 0.466969966888 0.13192436 -0.35766283 1.30900001526
1637074101.26 -0.0310140158981 0.659933447838 0.445414334536 0.06487846 -0.7756733 3.09299993515
1637074105.29 -0.26292064786 0.463014006615 0.112621456385 0.06487846 -0.7756733 1.15300011635
1637074110.74 -0.259022593498 0.648529469967 0.0977735891938 0.06487846 -0.7756733 0.108000040054
1637074112.14 -0.0199555233121 0.502384364605 0.271855086088 0.06487846 -0.7756733 0.907999992371
1637074116.16 -0.156419381499 0.627783477306 0.271238446236 0.06487846 -0.7756733 2.04700016975
1637074141.59 -0.257025778294 0.514631807804 0.25896397233 0.06487846 -0.7756733 0.608000040054
1637074169.57 -0.33957234025 0.470084816217 0.1151926741 0.06487846 -0.7756733 1.08400011063
1637074174.19 -0.0370637737215 0.512308895588 0.14282296598 0.06487846 -0.7756733 0.516999959946
1637074177.61 -0.158785507083 0.685909569263 0.0551047548652 0.06487846 -0.7756733 0.450999975204
1637074177.9 -0.160905852914 0.689101934433 0.0535879582167 0.06487846 -0.7756733 0.134000062943
1637074179.73 -0.165684342384 0.672963440418 0.195987761021 0.06487846 -0.7756733 1.03400015831
1637074189.56 -0.253165662289 0.546185612679 0.0859692841768 0.06487846 -0.7756733 0.0419998168945
1637074192.79 -0.0313852280378 0.460494309664 0.101991787553 0.06487846 -0.7756733 2.31999993324
1637074206.57 -0.105842992663 0.69423186779 0.0477235987782 0.06487846 -0.7756733 1.04199981689
1637074207.85 -0.21962313354 0.506438732147 0.1958553195 0.06487846 -0.7756733 0.358999967575
1637074219.96 -0.116695731878 0.638976752758 0.157679349184 0.06487846 -0.7756733 3.91799998283
1637074236.54 -0.152725845575 0.626336336136 0.271643221378 0.06487846 -0.7756733 1.82999992371
1637074241.35 -0.338969796896 0.467038959265 0.101368710399 0.06487846 -0.7756733 1.77499985695
1637074251.14 -0.203638106585 0.689640283585 0.00556874647737 0.06487846 -0.7756733 1.34199976921
1637074255.61 -0.0340662971139 0.472158402205 0.111041583121 0.06487846 -0.7756733 1.09800004959
1637074270.43 -0.178398802876 0.65695977211 0.122268021107 -0.008305835 0.25101405 1.36699986458
1637074287.63 -0.186704739928 0.452301442623 1.1269493103 -0.008305835 0.25101405 0.47000002861
1637074300.6 -0.183528020978 0.456574559212 1.14309799671 -0.008305835 0.25101405 0.792999982834
1637074302.5 -0.198037430644 0.528980076313 1.29123330116 -0.008305835 0.25101405 1.15699982643
1637074308.38 -0.227054446936 0.453516811132 1.00426244736 -0.008305835 0.25101405 1.33399987221
1637074317.25 -0.274760872126 0.460319936275 1.30466616154 -0.008305835 0.25101405 0.516999959946
1637074335.53 -0.323200970888 0.655163705349 1.08619499207 -0.008305835 0.25101405 0.509000062943
1637074338.13 -0.287106275558 0.457419246435 1.07831037045 -0.008305835 0.25101405 0.336999893188
1637074338.16 -0.284866183996 0.453182518482 1.0731549263 -0.008305835 0.25101405 0.0250000953674
1637074339.06 -0.16711781919 0.455122351646 1.20750296116 -0.008305835 0.25101405 0.767999887466
1637074349.43 -0.10601926595 0.49475646019 1.13173496723 -0.008305835 0.25101405 1.632999897
1637074373.51 -0.405030369759 0.464550822973 1.10536372662 -0.008305835 0.25101405 1.06699991226
1637074380.93 -0.32722440362 0.65144431591 1.11524713039 -0.008305835 0.25101405 0.516999959946
1637074383.73 -0.11031153053 0.455423682928 1.18622398376 -0.008305835 0.25101405 2.78400015831
