1635516003.93 -0.495949059725 0.464632719755 0.414963543415 -0.17744917 -0.52422565 0.552999973297
1635516004.43 -0.458590805531 0.461568683386 0.4496486485 -0.17744917 -0.52422565 0.243000030518
1635516005.56 -0.478993356228 0.646994411945 0.434606224298 -0.17744917 -0.52422565 0.505000114441
1635516038.91 -0.431896537542 0.462665259838 0.300831049681 -0.17744917 -0.52422565 1.14599990845
1635516044.9 -0.478566765785 0.474936455488 0.318921148777 -0.17744917 -0.52422565 0.213999986649
1635516046.09 -0.492195218801 0.587897896767 0.33447059989 -0.17744917 -0.52422565 0.745000123978
1635516046.18 -0.489600539207 0.532599449158 0.314729571342 -0.17744917 -0.52422565 0.00800013542175
1635516074.56 -0.26891925931 0.459636598825 0.270147800446 -0.17744917 -0.52422565 0.519999980927
1635516103.03 -0.452479213476 0.472699552774 0.448341012001 -0.17744917 -0.52422565 1.50600004196
1635516107.83 -0.363525122404 0.461495548487 0.338545262814 -0.17744917 -0.52422565 0.328999996185
1635516109.08 -0.35346493125 0.665196061134 0.38243252039 -0.17744917 -0.52422565 0.942000150681
1635516125.01 -0.363777130842 0.460710078478 0.412618994713 -0.17744917 -0.52422565 0.769999980927
1635516147.49 -0.487593650818 0.466584026814 0.328032284975 -0.17744917 -0.52422565 0.274999856949
1635516152.89 -0.427471160889 0.568986773491 0.45140811801 -0.17744917 -0.52422565 0.263000011444
1635516168.95 -0.372107565403 0.553871631622 0.426938176155 -0.17744917 -0.52422565 0.667000055313
1635516171.11 -0.396473050117 0.509038329124 0.444092094898 -0.17744917 -0.52422565 0.0680000782013
1635516172.13 -0.461642920971 0.690528512001 0.444853037596 -0.17744917 -0.52422565 0.493000030518
1635516172.68 -0.390620738268 0.701816141605 0.440690785646 -0.17744917 -0.52422565 0.184000015259
1635516178.99 -0.456330955029 0.464512348175 0.302744626999 -0.17744917 -0.52422565 0.274999856949
1635516180.25 -0.440467178822 0.628430306911 0.300086796284 -0.17744917 -0.52422565 0.742000102997
1635516181.94 -0.490649402142 0.488833665848 0.42084851861 -0.17744917 -0.52422565 0.116999864578
1635516182.04 -0.490789502859 0.489280849695 0.420568466187 -0.17744917 -0.52422565 0.0250000953674
1635516182.06 -0.491273134947 0.489048302174 0.420351266861 -0.17744917 -0.52422565 0.0090000629425
1635516182.1 -0.490928530693 0.488477289677 0.420451849699 -0.17744917 -0.52422565 0.0260000228882
1635516182.13 -0.491324186325 0.488310515881 0.419780224562 -0.17744917 -0.52422565 0.0170001983643
1635516182.84 -0.357172578573 0.462784260511 0.424037277699 -0.17744917 -0.52422565 0.690999984741
1635516190.16 -0.501260340214 0.500668883324 0.352080583572 -0.17744917 -0.52422565 0.284999847412
1635516191.67 -0.49006024003 0.563342213631 0.421950489283 -0.17744917 -0.52422565 0.961999893188
1635516212.33 -0.443514972925 0.520005762577 0.30059209466 -0.17744917 -0.52422565 0.329999923706
1635516213.16 -0.44413882494 0.671307981014 0.301765739918 -0.17744917 -0.52422565 0.258999824524
1635516214.83 -0.453245043755 0.656968593597 0.304236769676 -0.17744917 -0.52422565 0.489000082016
1635516219.86 -0.471347600222 0.528768181801 0.439252614975 -0.17744917 -0.52422565 0.230000019073
1635516221.01 -0.434478521347 0.625828742981 0.453576296568 -0.17744917 -0.52422565 0.875
1635516238.47 -0.496704012156 0.60337716341 0.340913116932 -0.17744917 -0.52422565 0.522000074387
1635516239.28 -0.505354225636 0.638531386852 0.370758593082 -0.17744917 -0.52422565 0.778000116348
1635516245.58 -0.387158960104 0.615437626839 0.43894842267 -0.17744917 -0.52422565 1.09200000763
1635516262.9 -0.444782614708 0.514978289604 0.297607153654 -0.17744917 -0.52422565 0.563999891281
1635516265.04 -0.463849455118 0.515099287033 0.443384975195 -0.17744917 -0.52422565 0.582999944687
1635516278.24 -0.458485066891 0.551817774773 0.447507202625 -0.17744917 -0.52422565 2.89199995995
1635516302.83 -0.470117539167 0.618844211102 0.441109985113 -0.17744917 -0.52422565 1.03900003433
1635516306.71 -0.385740548372 0.605120182037 0.437221169472 -0.17744917 -0.52422565 0.0749998092651
1635516308.74 -0.48514893651 0.472637593746 0.322822958231 -0.17744917 -0.52422565 1.53000020981
1635516324.22 -0.374603539705 0.572795569897 0.42768535018 -0.17744917 -0.52422565 1.24099993706
1635516349.99 -0.411395519972 0.510643959045 0.303488731384 -0.17744917 -0.52422565 0.144999980927
1635516350.32 -0.427783548832 0.464848816395 0.300216168165 -0.17744917 -0.52422565 0.283999919891
1635516351.91 -0.502791106701 0.463758170605 0.395530670881 -0.17744917 -0.52422565 0.509999990463
1635516352.77 -0.500839829445 0.464822113514 0.403461664915 -0.17744917 -0.52422565 0.299999952316
1635516352.8 -0.504714310169 0.463961273432 0.403993934393 -0.17744917 -0.52422565 0.0090000629425
1635516352.82 -0.510288476944 0.465475738049 0.402305334806 -0.17744917 -0.52422565 0.00600004196167
1635516354.28 -0.414262801409 0.499536216259 0.450123071671 -0.17744917 -0.52422565 0.837000131607
1635516369.54 -0.423062354326 0.469637572765 0.29764187336 -0.17744917 -0.52422565 0.329999923706
1635516370.61 -0.412449538708 0.664816141129 0.302464157343 -0.17744917 -0.52422565 0.434000015259
1635516393.83 -0.50114351511 0.506917178631 0.401681631804 -0.17744917 -0.52422565 0.355000019073
1635516395.4 -0.467550635338 0.583005726337 0.44145411253 -0.17744917 -0.52422565 0.921000003815
1635516413.68 -0.422485411167 0.493514597416 0.452122300863 -0.17744917 -0.52422565 1.22199988365
1635516421.92 -0.498800724745 0.539385199547 0.343099892139 -0.17744917 -0.52422565 1.56699991226
1635516437.69 -0.483383595943 0.547924757004 0.362968236208 -0.07329122 0.7047935 1.51200008392
1635516459.89 -0.403846979141 0.455772340298 1.66049480438 -0.07329122 0.7047935 0.387999773026
1635516462.82 -0.24485334754 0.457017958164 1.60842978954 -0.07329122 0.7047935 1.15499997139
1635516464.3 -0.258656769991 0.457603782415 1.55963778496 -0.07329122 0.7047935 0.177000045776
1635516464.64 -0.326722055674 0.458952218294 1.52924573421 -0.07329122 0.7047935 0.118000030518
1635516465.07 -0.379633247852 0.458954006433 1.55672049522 -0.07329122 0.7047935 0.34700012207
1635516473.78 -0.378713190556 0.463451653719 1.67283153534 -0.07329122 0.7047935 0.364000082016
1635516477.07 -0.289807736874 0.508935928345 1.53377938271 -0.07329122 0.7047935 0.236000061035
1635516486.97 -0.370731800795 0.656874775887 1.54606950283 -0.07329122 0.7047935 0.191999912262
1635516488.46 -0.281554281712 0.459772676229 1.66861367226 -0.07329122 0.7047935 0.161999940872
1635516491.78 -0.291421741247 0.511322557926 1.5352691412 -0.07329122 0.7047935 0.0699999332428
1635516493.07 -0.274687111378 0.692830622196 1.54490852356 -0.07329122 0.7047935 0.512000083923
1635516493.72 -0.388133436441 0.499001085758 1.56308531761 -0.07329122 0.7047935 0.25
1635516518.19 -0.383138448 0.505470812321 1.69450139999 -0.07329122 0.7047935 0.569999933243
1635516525.12 -0.290454596281 0.573067247868 1.53677403927 -0.07329122 0.7047935 0.149999856949
1635516525.89 -0.298667818308 0.639810502529 1.5322343111 -0.07329122 0.7047935 0.135999917984
1635516526.32 -0.288704186678 0.656693577766 1.53796172142 -0.07329122 0.7047935 0.0590000152588
1635516528.27 -0.379221439362 0.550041258335 1.55478966236 -0.07329122 0.7047935 1.03900003433
1635516531.03 -0.2054348737 0.457377672195 1.6389721632 -0.07329122 0.7047935 0.635999917984
1635516544.24 -0.295541495085 0.626143574715 1.53456604481 -0.07329122 0.7047935 0.761000156403
1635516545.77 -0.290994465351 0.703630566597 1.53594303131 -0.07329122 0.7047935 0.99799990654
1635516546.97 -0.209038764238 0.462846815586 1.64527761936 -0.07329122 0.7047935 0.782999992371
1635516604.56 -0.339469075203 0.514358580112 1.68152618408 -0.07329122 0.7047935 0.947000026703
1635516606.78 -0.312323123217 0.654107272625 1.67959141731 -0.07329122 0.7047935 1.16199994087
1635516628.83 -0.386758893728 0.461521267891 1.56557893753 -0.07329122 0.7047935 0.595999956131
1635516660.03 -0.26028829813 0.491701751947 1.56201469898 -0.07329122 0.7047935 0.381000041962
1635516662.58 -0.382847815752 0.661786556244 1.56002819538 -0.07329122 0.7047935 0.161000013351
1635516662.72 -0.392866015434 0.63845461607 1.57681310177 -0.07329122 0.7047935 0.066999912262
1635516664.38 -0.382277697325 0.677323102951 1.55907380581 -0.07329122 0.7047935 1.10400009155
1635516680.49 -0.399504780769 0.503522455692 1.59415566921 -0.07329122 0.7047935 0.304999828339
1635516681.6 -0.370364636183 0.648456394672 1.5475538969 -0.07329122 0.7047935 0.730000019073
1635516702.13 -0.379728913307 0.62158614397 1.55656635761 -0.07329122 0.7047935 0.738000154495
1635516702.72 -0.373609542847 0.682732284069 1.5476975441 -0.07329122 0.7047935 0.201000213623
1635516713.56 -0.256511747837 0.461875230074 1.68253409863 -0.07329122 0.7047935 0.52999997139
1635516714.99 -0.285317122936 0.486427307129 1.53857493401 -0.07329122 0.7047935 1.16299986839
1635516738.52 -0.380503594875 0.45886823535 1.67925107479 -0.07329122 0.7047935 0.953000068665
1635516746.58 -0.258269667625 0.55256819725 1.56553828716 -0.07329122 0.7047935 0.0920000076294
1635516749.19 -0.271317511797 0.498975217342 1.66220498085 -0.07329122 0.7047935 0.186999797821
1635516751.11 -0.247179880738 0.604241371155 1.62473130226 -0.07329122 0.7047935 1.73300004005
1635516762.94 -0.362801492214 0.67922270298 1.54184699059 -0.07329122 0.7047935 0.285000085831
1635516763.32 -0.368486106396 0.695423364639 1.54501879215 -0.07329122 0.7047935 0.184000015259
1635516763.89 -0.374894917011 0.657778561115 1.5516756773 -0.07329122 0.7047935 0.276000022888
1635516765.3 -0.282762050629 0.494441181421 1.54014420509 -0.07329122 0.7047935 1.05900001526
1635516788.6 -0.396782457829 0.463106870651 1.58647155762 -0.07329122 0.7047935 0.384999990463
1635516812.96 -0.34022846818 0.464434117079 1.68252635002 -0.07329122 0.7047935 0.388000011444
1635516813.94 -0.343718796968 0.62165749073 1.68066120148 -0.07329122 0.7047935 0.65499997139
1635516836.77 -0.258870750666 0.545786082745 1.56078910828 -0.07329122 0.7047935 1.54299998283
1635516856.95 -0.291528135538 0.509605228901 1.53497159481 -0.07329122 0.7047935 1.42200016975
1635516873.04 -0.231813758612 0.454305261374 1.59918427467 -0.07329122 0.7047935 1.06299996376
1635516878.91 -0.260763376951 0.454594433308 1.55749130249 -0.07329122 0.7047935 0.657999992371
1635516897.03 -0.344544291496 0.487660527229 1.67058444023 -0.07329122 0.7047935 0.0130000114441
1635516897.25 -0.265684187412 0.460615307093 1.6674977541 -0.07329122 0.7047935 0.208999872208
1635516911.84 -0.401124805212 0.497765630484 1.62946879864 -0.07329122 0.7047935 0.661000013351
1635516913.28 -0.359384834766 0.629965245724 1.67045867443 -0.07329122 0.7047935 0.491000175476
1635516913.9 -0.335555076599 0.584378361702 1.68050181866 -0.07329122 0.7047935 0.366999864578
1635516915.65 -0.247755378485 0.63710051775 1.58763635159 -0.07329122 0.7047935 0.370000123978
1635516916.16 -0.29027274251 0.668975353241 1.53639507294 -0.07329122 0.7047935 0.227999925613
1635516917.4 -0.365107804537 0.645076334476 1.54278194904 -0.07329122 0.7047935 0.159999847412
1635516918.22 -0.36999937892 0.657299458981 1.66445207596 -0.07329122 0.7047935 0.309000015259
1635516919.1 -0.327973783016 0.631856918335 1.68065285683 -0.07329122 0.7047935 0.380999803543
1635516919.92 -0.2964797616 0.658220112324 1.67588508129 -0.07329122 0.7047935 0.379999876022
1635516942.28 -0.398317158222 0.51559817791 1.60796439648 -0.07329122 0.7047935 0.4390001297
1635516943.36 -0.397542715073 0.568678975105 1.59799385071 -0.07329122 0.7047935 0.933000087738
1635516945.5 -0.339572846889 0.634658753872 1.64094769955 -0.15264824 -0.103185326 0.516000032425
1635516952.31 -0.344170510769 0.453941941261 0.74910312891 -0.15264824 -0.103185326 0.118999958038
1635516957.23 -0.464365869761 0.66175442934 0.842734634876 -0.15264824 -0.103185326 1.04299998283
1635516973.67 -0.428332775831 0.455758005381 0.876094400883 -0.15264824 -0.103185326 0.596999883652
1635516975.1 -0.424484819174 0.621348977089 0.871361553669 -0.15264824 -0.103185326 0.771999835968
1635516982.35 -0.480192422867 0.460681021214 0.784063577652 -0.15264824 -0.103185326 1.0720000267
1635516988.04 -0.475610047579 0.460017561913 0.819914221764 -0.15264824 -0.103185326 0.0420000553131
1635517007.75 -0.381209045649 0.500169157982 0.869584739208 -0.15264824 -0.103185326 1.84899997711
1635517014.9 -0.355577886105 0.449313789606 0.73586422205 -0.15264824 -0.103185326 0.753000020981
1635517017.59 -0.480384320021 0.49263265729 0.797324717045 -0.15264824 -0.103185326 0.131000041962
1635517022.03 -0.360450714827 0.511449873447 0.860326528549 -0.15264824 -0.103185326 0.0750000476837
1635517031.45 -0.47365039587 0.459791660309 0.768380880356 -0.15264824 -0.103185326 0.204999923706
1635517047.8 -0.451084822416 0.544869303703 0.856260061264 -0.15264824 -0.103185326 1.88999986649
1635517065.11 -0.47683981061 0.462068855762 0.766019761562 -0.15264824 -0.103185326 0.259999990463
1635517068.7 -0.346750617027 0.500793933868 0.847432911396 -0.15264824 -0.103185326 0.154000043869
1635517089.49 -0.335721164942 0.459586232901 0.765999615192 -0.15264824 -0.103185326 0.203999996185
1635517101.57 -0.451790690422 0.497647970915 0.860391736031 -0.15264824 -0.103185326 1.97499990463
1635517101.59 -0.457267403603 0.489404112101 0.86563295126 -0.15264824 -0.103185326 0.00799989700317
1635517110.88 -0.356516331434 0.531484484673 0.73864364624 -0.15264824 -0.103185326 0.619999885559
1635517112.05 -0.428696990013 0.534910440445 0.725188195705 -0.15264824 -0.103185326 1.07299995422
1635517113.92 -0.381399095058 0.456363141537 0.873745620251 -0.15264824 -0.103185326 0.209000110626
1635517126.62 -0.42617303133 0.460816949606 0.872758567333 -0.15264824 -0.103185326 0.283999919891
1635517139.3 -0.443796664476 0.466817378998 0.867337942123 -0.15264824 -0.103185326 1.46600008011
1635517149.12 -0.355367213488 0.529110431671 0.735369622707 -0.15264824 -0.103185326 1.06200003624
1635517150.43 -0.37123054266 0.624977171421 0.728059470654 -0.15264824 -0.103185326 0.822999954224
1635517168.76 -0.445124328136 0.468690156937 0.861981868744 -0.15264824 -0.103185326 0.480000019073
1635517169.63 -0.455197125673 0.693731784821 0.852063238621 -0.15264824 -0.103185326 0.0090000629425
1635517169.66 -0.454692155123 0.692071080208 0.852819740772 -0.15264824 -0.103185326 0.0250000953674
1635517170.21 -0.451691269875 0.685366392136 0.856253921986 -0.15264824 -0.103185326 0.529000043869
1635517180.14 -0.477128237486 0.485868573189 0.778891324997 -0.15264824 -0.103185326 1.41200017929
1635517183.46 -0.40441891551 0.538756489754 0.873404324055 -0.15264824 -0.103185326 0.374000072479
1635517184.37 -0.353825211525 0.683265864849 0.853288054466 -0.15264824 -0.103185326 0.401000022888
1635517185.12 -0.392264068127 0.708726882935 0.87182444334 -0.15264824 -0.103185326 0.738999843597
1635517222.86 -0.45875442028 0.456564366817 0.860771536827 -0.15264824 -0.103185326 0.314999818802
1635517230.09 -0.412168383598 0.462369948626 0.707225561142 -0.15264824 -0.103185326 0.121000051498
1635517250.44 -0.41125652194 0.476399153471 0.872181296349 -0.15264824 -0.103185326 0.713999986649
1635517251.67 -0.397517412901 0.65730458498 0.873147666454 -0.15264824 -0.103185326 0.908999919891
1635517274.22 -0.434116452932 0.49166443944 0.725993037224 -0.15264824 -0.103185326 0.270999908447
1635517276.18 -0.478819668293 0.56400924921 0.802071273327 -0.15264824 -0.103185326 0.904000043869
1635517301.75 -0.437491983175 0.540573120117 0.867956757545 -0.15264824 -0.103185326 2.11800003052
1635517313.29 -0.47176989913 0.462333798409 0.764807999134 -0.15264824 -0.103185326 0.463999986649
1635517313.31 -0.473374575377 0.462333291769 0.755460560322 -0.15264824 -0.103185326 0.00899982452393
1635517315.69 -0.479508817196 0.641437709332 0.805823028088 -0.15264824 -0.103185326 0.141999959946
1635517316.49 -0.467727541924 0.66062361002 0.827705144882 0.03162988 0.4115097 0.519000053406
1635517339.53 -0.234602689743 0.531927466393 1.38552117348 0.03162988 0.4115097 0.333999872208
1635517341.04 -0.13688236475 0.463428616524 1.31294822693 0.03162988 0.4115097 1.34999990463
1635517355.23 -0.228335350752 0.472854167223 1.38748979568 0.03162988 0.4115097 0.578999996185
1635517356.64 -0.205400601029 0.655593693256 1.3888630867 0.03162988 0.4115097 0.792000055313
1635517374.92 -0.153217509389 0.476080983877 1.27183032036 0.03162988 0.4115097 1.27900004387
1635517406.89 -0.15049880743 0.478749513626 1.27698671818 0.03162988 0.4115097 1.11100006104
1635517406.94 -0.133014589548 0.466899037361 1.26999390125 0.03162988 0.4115097 0.00899982452393
1635517408.22 -0.165797621012 0.707275032997 1.25725567341 0.03162988 0.4115097 0.0759999752045
1635517409.33 -0.179176151752 0.699498951435 1.24713909626 0.03162988 0.4115097 0.108999967575
1635517410.2 -0.153373599052 0.700674116611 1.27311897278 0.03162988 0.4115097 0.34500002861
1635517411.2 -0.24014903605 0.649635732174 1.38346683979 0.03162988 0.4115097 0.608000040054
1635517441.61 -0.24914650619 0.544934749603 1.38159954548 0.03162988 0.4115097 0.59700012207
1635517443.43 -0.203753888607 0.588755488396 1.3859808445 0.03162988 0.4115097 1.0609998703
1635517449.23 -0.237614125013 0.506583273411 1.38427567482 0.03162988 0.4115097 1.05599999428
1635517450.69 -0.179074823856 0.648809909821 1.3761138916 0.03162988 0.4115097 0.521000146866
1635517477.87 -0.193485289812 0.453664779663 1.24045097828 0.03162988 0.4115097 0.22000002861
1635517477.9 -0.194743812084 0.455862700939 1.23899507523 0.03162988 0.4115097 0.0090000629425
1635517479.82 -0.285110294819 0.500561475754 1.3509209156 0.03162988 0.4115097 1.03299999237
1635517482.38 -0.141934767365 0.452016919851 1.31731271744 0.03162988 0.4115097 0.171000003815
1635517494.8 -0.24810346961 0.531179368496 1.38056838512 0.03162988 0.4115097 0.356000185013
1635517495.73 -0.266895085573 0.631404697895 1.36966478825 0.03162988 0.4115097 0.68700003624
1635517514.76 -0.141922563314 0.529884815216 1.30434763432 0.03162988 0.4115097 0.428999900818
1635517517.11 -0.164561718702 0.643908798695 1.25681400299 0.03162988 0.4115097 2.08899998665
1635517540.28 -0.152267411351 0.513317108154 1.34740376472 0.03162988 0.4115097 0.283000230789
1635517542.08 -0.142550826073 0.68667191267 1.30701351166 0.03162988 0.4115097 0.898000001907
1635517563.85 -0.226550430059 0.456370145082 1.3872897625 0.03162988 0.4115097 0.414000034332
1635517565.22 -0.214177936316 0.645810067654 1.38648557663 0.03162988 0.4115097 0.808000087738
1635517573.28 -0.249434143305 0.456610769033 1.38158535957 0.03162988 0.4115097 0.378999948502
1635517574.64 -0.266880303621 0.638983428478 1.37128698826 0.03162988 0.4115097 0.769999980927
1635517599.04 -0.251910656691 0.505515813828 1.379981637 0.03162988 0.4115097 0.15499997139
1635517608.14 -0.229466989636 0.562231242657 1.23390269279 0.03162988 0.4115097 2.10899996758
1635517654.88 -0.271171599627 0.490610092878 1.2545362711 0.03162988 0.4115097 0.380000114441
1635517659.09 -0.150525137782 0.634056866169 1.34497368336 0.03162988 0.4115097 0.118000030518
1635517659.68 -0.172254920006 0.617781281471 1.37160348892 0.03162988 0.4115097 0.424999952316
1635517677.0 -0.295427441597 0.475079834461 1.3122484684 0.03162988 0.4115097 1.74799990654
1635517683.09 -0.28115722537 0.456208229065 1.27072882652 0.03162988 0.4115097 0.309000015259
1635517699.22 -0.149709448218 0.650145351887 1.27940416336 0.03162988 0.4115097 0.78400015831
1635517700.82 -0.179481685162 0.654919862747 1.2857260704 -0.22466657 -0.5791896 0.509999990463
1635517712.57 -0.452719002962 0.466458261013 0.249401062727 -0.22466657 -0.5791896 0.278000116348
1635517713.85 -0.542868554592 0.467659831047 0.358125567436 -0.22466657 -0.5791896 0.588000059128
1635517729.48 -0.516395866871 0.629266560078 0.385689914227 -0.22466657 -0.5791896 1.21700000763
1635517746.34 -0.515549063683 0.683829307556 0.386149168015 -0.22466657 -0.5791896 0.259000062943
