1635516045.97 -0.46229365468 0.635039806366 0.334809720516 -0.17744917 -0.52422565
1635516102.59 -0.387192934752 0.680117785931 0.369835227728 -0.17744917 -0.52422565
1635516108.77 -0.365142911673 0.70064997673 0.389158517122 -0.17744917 -0.52422565
1635516180.01 -0.414906173944 0.659896552563 0.343680381775 -0.17744917 -0.52422565
1635516191.22 -0.488362282515 0.678505420685 0.368870615959 -0.17744917 -0.52422565
1635516220.74 -0.422755926847 0.664984285831 0.425548315048 -0.17744917 -0.52422565
1635516239.03 -0.497284054756 0.648352265358 0.366969496012 -0.17744917 -0.52422565
1635516245.33 -0.388414174318 0.678571403027 0.395118206739 -0.17744917 -0.52422565
1635516276.4 -0.418049633503 0.629727125168 0.391238838434 -0.17744917 -0.52422565
1635516307.71 -0.42239305377 0.698146522045 0.415580868721 -0.17744917 -0.52422565
1635516323.98 -0.384652018547 0.62942558527 0.394095540047 -0.17744917 -0.52422565
1635516354.01 -0.476643741131 0.666991651058 0.372553139925 -0.17744917 -0.52422565
1635516394.99 -0.48292183876 0.686108350754 0.386678904295 -0.17744917 -0.52422565
1635516421.48 -0.416911125183 0.676030755043 0.358916848898 -0.17744917 -0.52422565
1635516437.68 -0.483364224434 0.547918558121 0.3629565835 -0.17744917 -0.52422565
1635516462.17 -0.341641247272 0.68802523613 1.62912595272 -0.07329122 0.7047935
1635516493.06 -0.276739567518 0.691799998283 1.54499208927 -0.07329122 0.7047935
1635516527.74 -0.288664340973 0.651002407074 1.53944385052 -0.07329122 0.7047935
1635516545.27 -0.286886692047 0.675371408463 1.55743062496 -0.07329122 0.7047935
1635516606.13 -0.330969750881 0.686846852303 1.64943599701 -0.07329122 0.7047935
1635516663.79 -0.342636168003 0.688067257404 1.63629066944 -0.07329122 0.7047935
1635516681.38 -0.367831200361 0.674208700657 1.56516027451 -0.07329122 0.7047935
1635516714.44 -0.321563869715 0.666835904121 1.64242637157 -0.07329122 0.7047935
1635516750.03 -0.297561854124 0.666646838188 1.61859166622 -0.07329122 0.7047935
1635516764.75 -0.369993418455 0.673452019691 1.58250749111 -0.07329122 0.7047935
1635516813.79 -0.351446002722 0.66239386797 1.62959885597 -0.07329122 0.7047935
1635516836.26 -0.311408400536 0.668504953384 1.55578684807 -0.07329122 0.7047935
1635516856.43 -0.378514885902 0.645431995392 1.56915605068 -0.07329122 0.7047935
1635516872.49 -0.36780923605 0.690098702908 1.65191030502 -0.07329122 0.7047935
1635516945.5 -0.339486002922 0.634883463383 1.64155352116 -0.07329122 0.7047935
1635516956.85 -0.445642352104 0.689796984196 0.819590628147 -0.15264824 -0.103185326
1635516974.83 -0.436644971371 0.686787068844 0.832550227642 -0.15264824 -0.103185326
1635516982.03 -0.367257535458 0.633081793785 0.855234861374 -0.15264824 -0.103185326
1635517007.37 -0.38617798686 0.6656229496 0.787469446659 -0.15264824 -0.103185326
1635517047.33 -0.457526028156 0.643805325031 0.807623922825 -0.15264824 -0.103185326
1635517101.1 -0.39963132143 0.653167366982 0.778026163578 -0.15264824 -0.103185326
1635517111.64 -0.373466342688 0.645390570164 0.751068651676 -0.15264824 -0.103185326
1635517138.92 -0.392269968987 0.637834668159 0.772329926491 -0.15264824 -0.103185326
1635517150.11 -0.363269090652 0.673489272594 0.752618730068 -0.15264824 -0.103185326
1635517170.19 -0.451415210962 0.685297548771 0.854639291763 -0.15264824 -0.103185326
1635517184.88 -0.371465653181 0.693042039871 0.86323428154 -0.15264824 -0.103185326
1635517251.31 -0.399572193623 0.68691021204 0.856813013554 -0.15264824 -0.103185326
1635517275.78 -0.431993186474 0.679068565369 0.780652821064 -0.15264824 -0.103185326
1635517301.14 -0.455603659153 0.593510866165 0.825376987457 -0.15264824 -0.103185326
1635517316.48 -0.467762231827 0.660732030869 0.827755689621 -0.15264824 -0.103185326
1635517340.34 -0.251640856266 0.663859307766 1.35974466801 0.03162988 0.4115097
1635517356.35 -0.217515558004 0.688900947571 1.34944248199 0.03162988 0.4115097
1635517374.24 -0.242913737893 0.639468848705 1.37726938725 0.03162988 0.4115097
1635517411.1 -0.229042068124 0.634879648685 1.37314033508 0.03162988 0.4115097
1635517442.88 -0.236317187548 0.631526112556 1.3828305006 0.03162988 0.4115097
1635517450.67 -0.182213693857 0.653221964836 1.37550723553 0.03162988 0.4115097
1635517479.42 -0.228648558259 0.662007391453 1.26171302795 0.03162988 0.4115097
1635517495.64 -0.270491808653 0.641683518887 1.35911548138 0.03162988 0.4115097
1635517516.53 -0.173228800297 0.684944152832 1.28149998188 0.03162988 0.4115097
1635517541.69 -0.155214011669 0.697111785412 1.3179602623 0.03162988 0.4115097
1635517564.92 -0.227448225021 0.676190674305 1.36240613461 0.03162988 0.4115097
1635517574.38 -0.259776413441 0.675720632076 1.34839487076 0.03162988 0.4115097
1635517607.54 -0.197343066335 0.613627076149 1.30209338665 0.03162988 0.4115097
1635517676.36 -0.169786050916 0.685267806053 1.26430737972 0.03162988 0.4115097
1635517700.81 -0.17959317565 0.654973208904 1.28563117981 0.03162988 0.4115097
1635517729.19 -0.48845037818 0.674100339413 0.391824901104 -0.22466657 -0.5791896
