1580223822.06 -0.345214605331 0.685265362263 -0.374722152948 -0.17744917 -0.52422565
1580223865.73 -0.369142740965 0.701533317566 -0.300626754761 -0.17744917 -0.52422565
1580223895.15 -0.296502113342 0.713210999966 -0.208820655942 -0.17744917 -0.52422565
1580223921.31 -0.398815095425 0.703288555145 -0.241864100099 -0.17744917 -0.52422565
1580223972.12 -0.249767959118 0.525877118111 0.38994255662 -0.12184814 0.054277014
1580224017.86 -0.283752441406 0.646201372147 0.329040825367 -0.12184814 0.054277014
1580224042.59 -0.320798546076 0.657038748264 0.225556403399 -0.12184814 0.054277014
1580224146.68 -0.187199339271 0.556918144226 0.286259293556 -0.12184814 0.054277014
1580224161.11 -0.214494019747 0.688461184502 0.200415492058 -0.025086164 0.1184881
1580224166.6 -0.302338957787 0.471085935831 0.228250175714 -0.025086164 0.1184881
1580224170.2 -0.157329291105 0.465085983276 0.291205018759 -0.025086164 0.1184881
1580224209.44 -0.241517335176 0.533535599709 0.200747698545 -0.025086164 0.1184881
1580224214.57 -0.452206999063 0.474639415741 0.389651834965 -0.22191069 0.19390002
1580224308.45 -0.450497835875 0.481077075005 0.293831676245 -0.22191069 0.19390002
1580224313.78 -0.334310233593 0.466240882874 0.413354456425 -0.22191069 0.19390002
1580224363.04 -0.476045757532 0.534230232239 0.370374709368 -0.22191069 0.19390002
1580224384.74 -0.0176539905369 0.476346284151 0.476925611496 0.0865859 0.3511007
1580224437.89 -0.0807630941272 0.556711435318 0.657830417156 0.0865859 0.3511007
1580224453.55 -0.0548094473779 0.680577754974 0.534497976303 0.0865859 0.3511007
1580224460.5 -0.0420314744115 0.465523153543 0.505485713482 0.0865859 0.3511007
1580224482.67 -0.221520900726 0.68525415659 -0.352832525969 -0.02963931 -0.55691355
1580224897.06 -0.212916404009 0.483217477798 -0.399638801813 -0.02963931 -0.55691355
1580224928.29 -0.256943613291 0.692618429661 -0.340998977423 -0.02963931 -0.55691355
1580224937.46 -0.165639773011 0.470292955637 -0.416077673435 -0.02963931 -0.55691355
1580225003.63 0.0527639761567 0.545669734478 -0.141770333052 0.12008532 -0.45627046
1580225015.23 -0.117361918092 0.465237796307 -0.280641138554 0.12008532 -0.45627046
1580225043.81 0.0400961302221 0.461689770222 -0.180738970637 0.12008532 -0.45627046
1580225308.11 -0.162476152182 0.477452218533 -0.21870687604 0.12008532 -0.45627046
1580225314.56 -0.360217809677 0.47196829319 -0.321347266436 -0.12517035 -0.40511435
1580225340.6 -0.216378182173 0.565029799938 -0.176442816854 -0.12517035 -0.40511435
1580225360.85 -0.367623627186 0.605151832104 -0.288172900677 -0.12517035 -0.40511435
1580225376.39 -0.345974057913 0.676507115364 -0.227138981223 -0.12517035 -0.40511435
1580225466.52 -0.0941205844283 0.655431091785 0.834982454777 0.051945824 0.6460101
