1580379529.6 -0.257986545563 0.528318583965 -0.380373090506 -0.17744917 -0.52422565
1580379620.48 -0.41392108798 0.590208888054 -0.323754280806 -0.17744917 -0.52422565
1580379646.42 -0.107675477862 0.55306994915 -0.109188750386 0.0009129613 -0.37830403
1580379684.28 -0.144116699696 0.485012739897 -0.156438603997 0.0009129613 -0.37830403
1580379693.83 -0.0225105844438 0.502933084965 0.72984033823 0.16496873 0.5493301
1580379701.06 -0.161821261048 0.471781015396 0.73343873024 0.16496873 0.5493301
1580379760.12 -0.126516759396 0.558052897453 0.180309265852 0.016688218 -0.047621466
1580379816.75 -0.2600299716 0.571747481823 0.136817723513 0.016688218 -0.047621466
1580379824.87 -0.311146348715 0.570796370506 0.593007028103 -0.048270725 0.43129438
1580379830.58 -0.361815899611 0.476072847843 0.626760780811 -0.048270725 0.43129438
1580379834.26 -0.0840812325478 0.465964615345 0.540784180164 0.10729083 0.29531327
1580379846.83 -0.0694855824113 0.463595569134 0.528145611286 0.10729083 0.29531327
1580379857.0 -0.22293920815 0.498198240995 -0.212986648083 -0.15549903 -0.36908683
1580379902.77 -0.230393201113 0.524518251419 -0.0750193595886 -0.15549903 -0.36908683
1580379924.73 -0.212052986026 0.478835940361 -0.0664484426379 0.05574816 -0.3836337
1580379930.78 -0.0639995485544 0.46207433939 -0.0425708666444 0.05574816 -0.3836337
1580379972.75 -0.186160027981 0.572336316109 -0.262361526489 -0.03191205 -0.5043537
1580379977.06 -0.314571708441 0.472419679165 -0.2479698807 -0.03191205 -0.5043537
1580379993.97 -0.0487628206611 0.551971375942 0.471902966499 0.21926051 0.3591196
1580379997.93 0.132808476686 0.473253071308 0.577690422535 0.21926051 0.3591196
1580380047.13 -0.287185549736 0.519536793232 -0.575603246689 -0.16792464 -0.7724998
1580380609.27 -0.243515685201 0.486315995455 -0.484216362238 -0.16792464 -0.7724998
1580380626.59 -0.247512146831 0.524767518044 0.662805497646 -0.066894375 0.43774584
1580380724.83 -0.222378581762 0.500493407249 0.550105631351 -0.066894375 0.43774584
1580380730.39 -0.183812245727 0.54818469286 0.212908387184 0.0806826 -0.062185947
1580380734.93 -0.131993070245 0.460746884346 0.158606112003 0.0806826 -0.062185947
1580380738.11 -0.0659224465489 0.463948428631 0.314624190331 0.12080243 0.029553631
1580380749.27 -0.081029586494 0.459208667278 0.173775717616 0.12080243 0.029553631
1580380756.0 -0.157127663493 0.477201163769 0.545428872108 0.100957245 0.3627077
1580380884.07 -0.0873874351382 0.46830612421 0.484122633934 0.100957245 0.3627077
1580380888.75 -0.0387075506151 0.465726971626 0.227514401078 0.11016594 -0.10702955
1580381026.19 -0.0583655908704 0.48725515604 0.220721423626 0.11016594 -0.10702955
1580381032.22 -0.0159021839499 0.690274298191 -0.283032387495 0.1948218 -0.5385481
1580381173.34 -0.00482482789084 0.465418368578 -0.241149738431 0.1948218 -0.5385481
1580381180.54 -0.0944131314754 0.543161392212 0.44367992878 0.063991316 0.18066472
1580381206.4 -0.202156350017 0.491267621517 0.332545369864 0.063991316 0.18066472
1580381234.78 -0.39712280035 0.55068051815 0.112684883177 -0.18328035 0.000814026
1580381283.21 -0.270058453083 0.498715728521 0.213220715523 -0.18328035 0.000814026
1580381302.87 0.0285532362759 0.494063436985 0.962051272392 0.17688614 0.78143734
