1580376335.01 -0.271161645651 0.468948304653 -0.323539912701 -0.17744917 -0.52422565
1580376364.97 -0.328302443027 0.471543997526 -0.35798728466 -0.17744917 -0.52422565
1580376369.95 0.0279699973762 0.653907120228 -0.020956158638 0.22821793 -0.18789734
1580376484.78 -0.0112034687772 0.460086524487 0.0570191890001 0.22821793 -0.18789734
1580376547.37 -0.0080249523744 0.462630093098 0.163666456938 0.04964172 0.0025855752
1580376574.51 -0.194636419415 0.495053827763 0.0751225650311 0.04964172 0.0025855752
1580376587.65 0.0201238431036 0.664037168026 0.723065853119 0.16731891 0.52867824
1580376907.95 -0.078298009932 0.674913644791 0.783753931522 0.16731891 0.52867824
1580376913.07 -0.0985521450639 0.703467011452 0.321191191673 0.05235035 0.082865626
1580376917.81 -0.112248048186 0.457101881504 0.360281080008 0.05235035 0.082865626
1580376945.43 -0.2303186059 0.69045561552 -0.118659861386 -0.017916804 -0.36402658
1580377038.71 -0.279651999474 0.663962721825 -0.107994191349 -0.017916804 -0.36402658
1580377044.76 -0.132299914956 0.719190239906 -0.443662434816 0.07864905 -0.6949567
1580377129.26 0.0043205935508 0.481537878513 -0.532008707523 0.07864905 -0.6949567
1580377137.35 -0.432972103357 0.481329381466 0.566131532192 -0.11923717 0.4036668
1580377420.56 -0.296374440193 0.563062608242 0.650707662106 -0.11923717 0.4036668
1580377441.47 -0.0463294051588 0.667719900608 0.208567216992 0.06641459 0.0017218541
1580377705.68 -0.22132769227 0.710720777512 0.307990968227 0.06641459 0.0017218541
1580377712.23 -0.11813633889 0.652911245823 0.0642029941082 0.054048885 -0.19553638
1580377857.99 -0.134240880609 0.467367440462 -0.0705444738269 0.054048885 -0.19553638
1580377862.9 -0.263293921947 0.472736239433 0.318008035421 -0.07264284 0.0744113
1580377907.49 -0.206504613161 0.47850561142 0.308733791113 -0.07264284 0.0744113
1580377934.66 -0.450108110905 0.485212773085 0.985878765583 -0.23506466 0.73939246
1580378010.79 -0.47422978282 0.663531064987 0.881164610386 -0.23506466 0.73939246
