1580819980.71 -0.238428771496 0.466448605061 -0.26973938942 -0.17744917 -0.52422565
1580819991.16 -0.26914703846 0.465433269739 -0.190342918038 -0.17744917 -0.52422565
1580820022.21 -0.387436330318 0.477280646563 -0.33549836278 -0.17744917 -0.52422565
1580820106.32 -0.229963898659 0.46910199523 -0.270982205868 -0.17744917 -0.52422565
1580820111.53 0.00598189793527 0.689000964165 0.2556181252 0.16197264 0.092528805
1580820846.04 0.0611149445176 0.464205145836 0.335966140032 0.16197264 0.092528805
1580820855.53 -0.032352630049 0.556427240372 0.175761640072 0.16197264 0.092528805
1580820896.13 0.128349542618 0.522122383118 0.308992892504 0.16197264 0.092528805
1580820905.0 0.0151048442349 0.546684324741 -0.377139121294 0.20499158 -0.5154386
1580821058.99 -0.076569288969 0.547018527985 -0.340971529484 0.20499158 -0.5154386
1580821079.54 0.0498959049582 0.559888660908 -0.329180389643 0.20499158 -0.5154386
1580821113.42 -0.050142314285 0.559375107288 -0.386778712273 0.20499158 -0.5154386
1580821121.03 0.0100615527481 0.517944276333 0.171284049749 0.21305197 -0.055896953
1580821342.72 0.0864067673683 0.55519002676 0.180339053273 0.21305197 -0.055896953
1580821358.05 -0.0321251153946 0.538372278214 0.260632693768 0.21305197 -0.055896953
1580821411.44 0.0653670951724 0.54753267765 0.231682270765 0.21305197 -0.055896953
1580821418.37 -0.434305399656 0.552695572376 0.463529497385 -0.20249663 0.15796424
1580821810.09 -0.283271670341 0.537390708923 0.445744335651 -0.20249663 0.15796424
1580821817.53 -0.436259895563 0.682108879089 0.407752990723 -0.20249663 0.15796424
1580821837.03 -0.419616818428 0.560847818851 0.498560488224 -0.20249663 0.15796424
1580821842.66 0.0397314280272 0.550104022026 -0.127482920885 0.16689003 -0.28306264
