1580911927.23 -0.389495253563 0.520360410213 -0.345742642879 -0.17744917 -0.52422565
1580912041.87 -0.433110624552 0.472406148911 -0.287614345551 -0.17744917 -0.52422565
1580912054.89 -0.36205047369 0.694202065468 -0.290540456772 -0.17744917 -0.52422565
1580912279.44 -0.430758446455 0.500948369503 -0.339057654142 -0.17744917 -0.52422565
1580912289.3 -0.185786828399 0.46990197897 -0.240101382136 -0.05722073 -0.4461658
1580912800.88 -0.31269544363 0.489489048719 -0.129982829094 -0.05722073 -0.4461658
1580912805.24 -0.16143719852 0.526730597019 -0.178829431534 -0.05722073 -0.4461658
1580912838.38 -0.252087831497 0.468152135611 -0.155084401369 -0.05722073 -0.4461658
1580912872.76 -0.416189283133 0.582587301731 -0.375040858984 -0.20233294 -0.5416159
1580912920.96 -0.275297254324 0.53886115551 -0.359328746796 -0.20233294 -0.5416159
1580912964.78 -0.464716255665 0.569942474365 -0.316466420889 -0.20233294 -0.5416159
1580913151.06 -0.506493330002 0.563274979591 -0.356966882944 -0.20233294 -0.5416159
1580913162.02 -0.0773101896048 0.551798701286 0.87642288208 0.08332 0.6789735
1580913263.41 -0.055439773947 0.658960998058 0.906266450882 0.08332 0.6789735
1580913274.5 -0.103443562984 0.468546569347 0.895173192024 0.08332 0.6789735
1580913361.3 -0.142471939325 0.563511610031 0.928735435009 0.08332 0.6789735
1580913380.4 -0.453007400036 0.466745465994 0.610698163509 -0.2838401 0.37052035
1580913406.72 -0.479939341545 0.557096362114 0.577784061432 -0.2838401 0.37052035
1580913433.42 -0.457279533148 0.560115337372 0.574519276619 -0.2838401 0.37052035
