1580990398.13 -0.393014341593 0.536569416523 -0.397210270166 -0.17744917 -0.52422565
1580990466.62 -0.261718243361 0.470318853855 -0.420360833406 -0.17744917 -0.52422565
1580990475.24 -0.337500274181 0.486020088196 -0.324698537588 -0.17744917 -0.52422565
1580990580.52 -0.354875415564 0.468068450689 -0.216441124678 -0.17744917 -0.52422565
1580990600.95 0.0867985635996 0.568155407906 -0.409063130617 0.22534703 -0.68770945
1580990664.38 0.0886629149318 0.462319225073 -0.395977050066 0.22534703 -0.68770945
1580990673.05 -0.00333939469419 0.523787677288 -0.489189863205 0.22534703 -0.68770945
1580990701.02 -0.0747914761305 0.518339812756 -0.482408553362 0.22534703 -0.68770945
1580990733.26 0.119519591331 0.574167668819 -0.27142432332 0.2926664 -0.5105215
1580990764.18 0.0785862132907 0.463021755219 -0.375590384007 0.2926664 -0.5105215
1580990771.93 0.101104050875 0.689860641956 -0.285171955824 0.2926664 -0.5105215
1580990827.33 0.0336522497237 0.460648477077 -0.228186458349 0.2926664 -0.5105215
1580990834.6 -0.145538792014 0.691810250282 -0.419382810593 0.032030955 -0.6638815
1580990927.86 -0.118166163564 0.468798100948 -0.479154139757 0.032030955 -0.6638815
1580990933.17 -0.0436347201467 0.468405455351 -0.483176380396 0.032030955 -0.6638815
1580990969.46 -0.205039709806 0.470627099276 -0.407125324011 0.032030955 -0.6638815
1580990981.93 -0.336719632149 0.470930725336 0.908042669296 -0.063221894 0.6509876
1580991113.22 -0.320897370577 0.476724505424 0.96572124958 -0.063221894 0.6509876
1580991132.12 -0.136507317424 0.557766199112 0.784464359283 -0.063221894 0.6509876
1580991183.34 -0.293517023325 0.511361658573 0.947044670582 -0.063221894 0.6509876
1580991197.93 -0.382087618113 0.568258702755 0.745832681656 -0.16417602 0.4708919
1580991711.32 -0.363651454449 0.477312356234 0.652136325836 -0.16417602 0.4708919
1580991730.88 -0.407013833523 0.636717498302 0.675159871578 -0.16417602 0.4708919
1580991770.43 -0.251505941153 0.503689587116 0.66197770834 -0.16417602 0.4708919
1580991782.88 0.127343669534 0.462170749903 -0.463259965181 0.30141485 -0.6818147
1580991934.41 0.0962132811546 0.464790612459 -0.514610171318 0.30141485 -0.6818147
1580991943.87 0.0662562847137 0.548474669456 -0.553756713867 0.30141485 -0.6818147
1580992111.82 0.119914099574 0.529590010643 -0.403017938137 0.30141485 -0.6818147
1580992120.46 -0.365491241217 0.471722990274 -0.41777959466 -0.19502063 -0.7035854
1580992244.76 -0.243217051029 0.516759097576 -0.528636515141 -0.19502063 -0.7035854
