1580909555.89 -0.366154760122 0.470303356647 -0.346627116203 -0.17744917 -0.52422565
1580909626.86 -0.313985943794 0.470542132854 -0.266661942005 -0.17744917 -0.52422565
1580909634.56 -0.331199586391 0.692317724228 -0.297281682491 -0.17744917 -0.52422565
1580909673.35 -0.347017019987 0.583121776581 -0.390721470118 -0.17744917 -0.52422565
1580909690.31 -0.080941580236 0.469188004732 0.941433548927 0.17316604 0.7687852
1580909695.8 -0.0290658436716 0.469417184591 0.959031164646 0.17316604 0.7687852
1580909746.08 0.0895888656378 0.702608048916 0.93740016222 0.17316604 0.7687852
1580909870.22 0.0951115265489 0.479211598635 0.909750759602 0.17316604 0.7687852
1580909885.91 0.031186407432 0.689178287983 0.0877745375037 0.2105819 -0.022913082
1580909921.27 -0.0693197473884 0.474364817142 0.132702901959 0.2105819 -0.022913082
1580909941.21 0.113279461861 0.458685904741 0.242950245738 0.2105819 -0.022913082
