1580817580.91 -0.275337636471 0.728736341 -0.283742934465 -0.17744917 -0.52422565
1580817623.67 -0.352574944496 0.707906186581 -0.262651741505 -0.17744917 -0.52422565
1580817644.04 -0.289618968964 0.70710760355 -0.247822508216 -0.17744917 -0.52422565
1580817676.23 -0.367739796638 0.67643815279 -0.296086251736 -0.17744917 -0.52422565
1580817681.81 -0.423694491386 0.469771772623 0.564212083817 -0.2298493 0.22248249
1580817848.2 -0.404399544001 0.474206477404 0.43683129549 -0.2298493 0.22248249
1580817861.9 -0.374426484108 0.564137578011 0.434044569731 -0.2298493 0.22248249
1580817878.44 -0.366828203201 0.464431703091 0.336245000362 -0.2298493 0.22248249
1580817885.47 0.0494732633233 0.468605697155 0.851609289646 0.19199303 0.59700125
1580817913.18 0.105831295252 0.472615778446 0.914604067802 0.19199303 0.59700125
1580817940.34 0.0126172807068 0.465534120798 0.818519175053 0.19199303 0.59700125
1580818375.98 -0.0596344284713 0.522973299026 0.764791667461 0.19199303 0.59700125
1580818380.02 -0.387365907431 0.698155105114 0.535580515862 -0.27665627 0.28275803
1580818482.27 -0.395222812891 0.482580721378 0.476455211639 -0.27665627 0.28275803
1580818493.61 -0.452675580978 0.480249911547 0.548918962479 -0.27665627 0.28275803
1580818511.71 -0.368427455425 0.46968331933 0.417950838804 -0.27665627 0.28275803
1580818518.42 0.135094791651 0.556062877178 -0.162368893623 0.2887173 -0.3697768
1580819122.61 0.0838055163622 0.489213109016 -0.0934938639402 0.2887173 -0.3697768
1580819128.9 0.221031159163 0.70730227232 -0.208556488156 0.2887173 -0.3697768
