1580397161.46 -0.361551851034 0.719924032688 -0.256277024746 -0.17744917 -0.52422565
1580397470.91 -0.354845941067 0.506723880768 -0.275905519724 -0.17744917 -0.52422565
1580397491.12 -0.0600888133049 0.720563828945 -0.0765515863895 0.046843655 -0.30442503
1580397530.12 -0.168913632631 0.693814814091 -0.177272289991 0.046843655 -0.30442503
1580397546.05 -0.237804606557 0.713169395924 0.4806214571 -0.117959425 0.34808385
1580397932.82 -0.268939256668 0.572667896748 0.519724667072 -0.117959425 0.34808385
1580397944.58 -0.24937492609 0.714322030544 -0.143900856376 -0.04769199 -0.4233135
1580398090.93 -0.237353861332 0.470196098089 -0.26865118742 -0.04769199 -0.4233135
1580398098.47 -0.514546096325 0.503933489323 -0.129506334662 -0.21985836 -0.382526
1580398127.9 -0.297676026821 0.512745261192 -0.278345018625 -0.21985836 -0.382526
1580398139.95 -0.011099871248 0.710723340511 0.738554179668 0.11901762 0.5951874
1580398670.77 -0.0880301147699 0.535629272461 0.842790126801 0.11901762 0.5951874
1580398675.39 -0.133505582809 0.521945536137 0.444917887449 0.1308936 0.22458287
1580398791.75 -0.0794789940119 0.497330337763 0.358306586742 0.1308936 0.22458287
1580398803.3 -0.0772931873798 0.698620021343 0.278792887926 0.13080479 0.10788721
1580398807.37 -0.101503148675 0.461322277784 0.207820549607 0.13080479 0.10788721
1580398818.15 -0.0561017729342 0.679455459118 -0.606338143349 0.009508443 -0.76474744
