1580308703.02 -0.208422645926 0.474337786436 -0.271097809076 -0.17744917 -0.52422565
1580308759.34 -0.324139505625 0.470449149609 -0.38975918293 -0.17744917 -0.52422565
1580308821.97 -0.360817790031 0.648160517216 -0.273130446672 -0.17744917 -0.52422565
1580308852.22 -0.370336532593 0.470136374235 -0.390599131584 -0.17744917 -0.52422565
1580308870.02 -0.368318915367 0.724751710892 0.854203641415 -0.19752619 0.6060229
1580308967.07 -0.420248866081 0.470977514982 0.768152534962 -0.19752619 0.6060229
1580308990.27 -0.416563153267 0.528396368027 0.950699329376 -0.19752619 0.6060229
1580309201.88 -0.367944359779 0.467822134495 0.896246731281 -0.19752619 0.6060229
1580309219.17 0.140138834715 0.673527121544 -0.0391832403839 0.21766995 -0.21275994
1580309239.92 0.00765574164689 0.618822872639 0.00737663172185 0.21766995 -0.21275994
1580309250.53 -0.0845688953996 0.592786073685 -0.0517959520221 0.21766995 -0.21275994
1580309254.17 -0.0332072935998 0.464365005493 0.0806007385254 0.21766995 -0.21275994
1580309264.67 -0.0492187924683 0.528830528259 -0.0797220021486 0.13641489 -0.3148609
1580309438.34 -0.0677100419998 0.465720593929 -0.0962853655219 0.13641489 -0.3148609
1580309470.62 -0.143144771457 0.632410526276 -0.142280951142 0.13641489 -0.3148609
1580309507.91 0.0622071325779 0.536695718765 -0.138083949685 0.13641489 -0.3148609
1580309529.87 -0.175817757845 0.706063270569 0.220043569803 0.074504144 -0.0012722834
1580309534.03 -0.21402579546 0.449733406305 0.262195616961 0.074504144 -0.0012722834
1580309557.93 -0.154951035976 0.514657616615 0.133286938071 0.074504144 -0.0012722834
1580309583.07 -0.136952310801 0.461076855659 0.175516679883 0.074504144 -0.0012722834
1580309586.22 -0.224301680923 0.464951395988 0.0901215001941 -0.16162395 -0.056881767
1580309648.2 -0.264675885439 0.663092195988 0.173703789711 -0.16162395 -0.056881767
1580309661.68 -0.296167910099 0.686950981617 0.0861469209194 -0.16162395 -0.056881767
1580309703.0 -0.381567597389 0.492302119732 0.0366979204118 -0.16162395 -0.056881767
1580309726.56 -0.0979464426637 0.464713543653 0.0738617032766 0.089742914 -0.23314552
1580309735.94 -0.0167025327682 0.457602381706 -0.0945143029094 0.089742914 -0.23314552
1580309744.42 -0.0468513071537 0.693886399269 -0.0822868943214 0.089742914 -0.23314552
1580309779.62 -0.0498681738973 0.458705276251 -0.127725094557 0.089742914 -0.23314552
1580309795.33 -0.467015564442 0.469835996628 0.658502101898 -0.22328727 0.5546357
1580309810.29 -0.479309141636 0.466964781284 0.658639013767 -0.22328727 0.5546357
1580309827.26 -0.397594034672 0.661786437035 0.775860667229 -0.22328727 0.5546357
1580310102.53 -0.444472014904 0.480651885271 0.786813020706 -0.22328727 0.5546357
1580310109.53 0.0228443201631 0.680303394794 0.443413555622 0.23192799 0.29296428
