1580738403.85 -0.385901421309 0.47368606925 -0.265251457691 -0.17744917 -0.52422565
1580738474.37 -0.312820255756 0.469110310078 -0.411326527596 -0.17744917 -0.52422565
1580738485.53 0.11877822876 0.477862775326 0.305108815432 0.2220049 0.12867573
1580738578.86 0.0653721988201 0.461564332247 0.362220704556 0.2220049 0.12867573
1580738587.93 -0.0567838177085 0.565027296543 -0.207666188478 0.091622695 -0.3543976
1580738738.63 -0.134104534984 0.463092982769 -0.0256454646587 0.091622695 -0.3543976
1580738744.58 -0.35403868556 0.624976277351 0.523469626904 -0.22334184 0.29310992
1580738757.66 -0.302251845598 0.468668013811 0.544111132622 -0.22334184 0.29310992
1580738761.89 -0.214339897037 0.465282529593 0.165948152542 -0.09062781 -0.03235387
1580738771.42 -0.345809966326 0.554750859737 0.0708215162158 -0.09062781 -0.03235387
1580738786.72 -0.266314744949 0.470656037331 -0.434494376183 -0.12871024 -0.6161865
1580738802.02 -0.278765171766 0.469731509686 -0.444356739521 -0.12871024 -0.6161865
1580738815.37 0.0521086864173 0.530856490135 0.226081818342 0.14448562 -0.07850994
1580738840.61 0.0710851028562 0.465941786766 0.226497709751 0.14448562 -0.07850994
1580738847.29 -0.445355325937 0.468175321817 0.692724585533 -0.29967716 0.5950985
1580738934.78 -0.435882002115 0.475861996412 0.863889276981 -0.29967716 0.5950985
1580738946.09 -0.399599820375 0.64874881506 0.0128018707037 -0.17069782 -0.20778038
1580738991.03 -0.395042717457 0.510129630566 0.0452945530415 -0.17069782 -0.20778038
1580739000.83 -0.387436032295 0.676891744137 0.626500189304 -0.16748044 0.39923024
1580739915.48 -0.336435049772 0.554906308651 0.606235921383 -0.16748044 0.39923024
1580739928.69 -0.293552398682 0.601463735104 -0.283578366041 -0.07931921 -0.4292542
1580739991.11 -0.222964629531 0.567835748196 -0.229897499084 -0.07931921 -0.4292542
1580739997.78 0.0432775840163 0.62676358223 -0.373795181513 0.1432933 -0.62635195
1580740071.0 -0.0722936764359 0.466157019138 -0.355461388826 0.1432933 -0.62635195
1580740086.08 -0.38465860486 0.470054030418 0.522822201252 -0.12318198 0.37492785
1580740091.55 -0.294202417135 0.468934684992 0.469675928354 -0.12318198 0.37492785
1580740101.27 -0.384598761797 0.47132229805 0.834563910961 -0.09044158 0.6179131
