1580221191.81 -0.363199949265 0.559036195278 -0.442280173302 -0.17744917 -0.52422565
1580221272.61 -0.46171477437 0.472119897604 -0.314641058445 -0.17744917 -0.52422565
1580221282.67 -0.441410899162 0.691347658634 -0.326827824116 -0.17744917 -0.52422565
1580221310.85 -0.270848691463 0.492691367865 -0.2622140944 -0.17744917 -0.52422565
1580221318.45 0.122302472591 0.661942362785 0.810764968395 0.19694129 0.5690237
1580221387.22 -0.0343863368034 0.48983925581 0.797895550728 0.19694129 0.5690237
1580221394.64 0.0591649338603 0.641035854816 0.776036024094 0.19694129 0.5690237
1580221502.25 -0.00176590401679 0.474372386932 0.733772516251 0.19694129 0.5690237
1580221569.76 -0.212172538042 0.564914166927 0.595881640911 0.019835085 0.3118453
1580221573.42 -0.2053257972 0.453127235174 0.450955271721 0.019835085 0.3118453
1580221766.01 -0.273031949997 0.558612644672 0.502942025661 0.019835085 0.3118453
1580221796.88 -0.114965982735 0.471014887094 0.483896285295 0.019835085 0.3118453
1580221812.61 -0.0434282049537 0.68720293045 -0.483164489269 0.19472368 -0.59470075
1580221817.29 0.100133426487 0.454524695873 -0.280897319317 0.19472368 -0.59470075
1580221841.0 0.0221270229667 0.603143751621 -0.359346628189 0.19472368 -0.59470075
1580222057.6 -0.0460198074579 0.461939275265 -0.290080904961 0.19472368 -0.59470075
1580222068.24 -0.11741989851 0.482030600309 -0.418157160282 -0.10060506 -0.64560574
1580222090.2 -0.259832143784 0.54871481657 -0.475619792938 -0.10060506 -0.64560574
1580222203.91 -0.196864411235 0.552900016308 -0.421331316233 -0.10060506 -0.64560574
1580222224.47 -0.137459456921 0.554416835308 -0.488278031349 -0.10060506 -0.64560574
1580222259.16 0.0660542473197 0.563916385174 0.495853334665 0.14086673 0.35143614
1580222268.01 -0.0174929928035 0.464912116528 0.602369904518 0.14086673 0.35143614
1580222277.32 0.00234355358407 0.477085620165 0.674197435379 0.14086673 0.35143614
1580222422.06 -0.0549955405295 0.466595441103 0.506618022919 0.14086673 0.35143614
1580222429.07 -0.412754952908 0.474451869726 0.910771965981 -0.23140816 0.6541355
1580222432.95 -0.431406229734 0.469520866871 0.903748333454 -0.23140816 0.6541355
1580222467.56 -0.418883264065 0.571278810501 0.944629311562 -0.23140816 0.6541355
1580222511.06 -0.433299958706 0.470341295004 0.841072142124 -0.23140816 0.6541355
1580222530.7 -0.377948969603 0.564200162888 -0.233658567071 -0.18343888 -0.40319914
1580222745.39 -0.431359499693 0.554248392582 -0.210955828428 -0.18343888 -0.40319914
1580222767.16 -0.388174951077 0.670766353607 -0.110021613538 -0.18343888 -0.40319914
1580222847.19 -0.362509340048 0.556228518486 -0.235427066684 -0.18343888 -0.40319914
1580222894.55 -0.439617931843 0.471537292004 0.976784706116 -0.20800348 0.7483745
1580222933.86 -0.459407508373 0.544618010521 0.860781788826 -0.20800348 0.7483745
1580222943.2 -0.364519506693 0.561584174633 1.03033638 -0.20800348 0.7483745
