1580394010.7 -0.223730891943 0.476294755936 -0.286248683929 -0.17744917 -0.52422565
1580394014.48 -0.208492740989 0.475674718618 -0.340439558029 -0.17744917 -0.52422565
1580394025.93 -0.0471477173269 0.471294373274 0.749293446541 0.12688369 0.50927514
1580394031.58 -0.1152279526 0.468468785286 0.626745223999 0.12688369 0.50927514
1580394037.76 -0.0392868481576 0.548296630383 0.112495750189 0.22257543 -0.024755413
1580394120.92 0.053439322859 0.458526283503 0.225548252463 0.22257543 -0.024755413
1580394137.95 -0.15038998425 0.482740223408 0.441146284342 0.03192009 0.3287117
1580394212.79 -0.251271754503 0.472139626741 0.568577051163 0.03192009 0.3287117
1580394224.27 0.040595382452 0.555509865284 0.0783772617579 0.18072285 -0.13042222
1580394248.04 -0.0592004023492 0.464043617249 0.0232984833419 0.18072285 -0.13042222
1580394266.06 -0.120511382818 0.469485372305 0.366079092026 0.12412947 0.17194887
1580394305.12 0.00631445506588 0.464903473854 0.383606702089 0.12412947 0.17194887
1580394325.98 -0.197912111878 0.469283938408 0.504857718945 0.005284343 0.3911681
1580394439.47 -0.168657287955 0.464424431324 0.466628342867 0.005284343 0.3911681
1580394450.24 -0.281132340431 0.57325732708 -0.0412370637059 -0.109356366 -0.25840446
1580394571.56 -0.326827228069 0.476270586252 -0.0878598988056 -0.109356366 -0.25840446
1580394621.01 -0.0136570744216 0.668313384056 0.364236742258 0.19044924 0.2504508
1580394635.84 -0.0395850092173 0.463248550892 0.444833189249 0.19044924 0.2504508
1580394661.51 -0.256384700537 0.572172224522 0.653861641884 -0.03704057 0.5200443
1580394739.88 -0.278441011906 0.563119888306 0.583757460117 -0.03704057 0.5200443
1580394761.19 0.0359089002013 0.571406066418 0.46870726347 0.18125463 0.33121097
1580395505.58 0.120134621859 0.51158618927 0.576054155827 0.18125463 0.33121097
1580395512.26 -0.0171384979039 0.556776285172 0.208494499326 0.19909233 0.037836533
1580395523.33 -0.0464956462383 0.458871752024 0.311939299107 0.19909233 0.037836533
1580395532.02 -0.443269729614 0.575618445873 0.626996994019 -0.23299067 0.45713642
1580395675.03 -0.4257170856 0.469131439924 0.721892476082 -0.23299067 0.45713642
1580395681.63 -0.0581551864743 0.502164840698 0.761090159416 0.044893935 0.5359229
1580395693.3 -0.165345966816 0.468206882477 0.615956485271 0.044893935 0.5359229
1580395709.53 -0.112426504493 0.559100329876 0.751441538334 -0.019208763 0.64570904
1580395847.69 -0.138871058822 0.529231846333 0.765436053276 -0.019208763 0.64570904
1580395868.43 -0.367455482483 0.667305886745 0.109849050641 -0.19093883 -0.1759576
1580395873.16 -0.386730402708 0.469851464033 0.0411454960704 -0.19093883 -0.1759576
1580395892.8 -0.329312354326 0.471899837255 0.339201807976 -0.17998989 0.20826288
1580395902.34 -0.301176577806 0.465908527374 0.38219499588 -0.17998989 0.20826288
