1580992571.81 -0.295506507158 0.471256703138 -0.447235703468 -0.17744917 -0.52422565
1580992582.84 -0.452543288469 0.473683208227 -0.294348597527 -0.17744917 -0.52422565
1580992603.82 -0.2986330688 0.467864573002 -0.227718770504 -0.17744917 -0.52422565
1580992723.02 -0.338857084513 0.609590888023 -0.310454249382 -0.17744917 -0.52422565
1580992729.57 0.0528110787272 0.45689791441 -0.400742024183 0.2103076 -0.52732605
1580992835.54 0.125368207693 0.51490187645 -0.291115522385 0.2103076 -0.52732605
1580992872.06 -0.0244942232966 0.708868145943 -0.23806874454 0.2103076 -0.52732605
1580993083.73 0.063130646944 0.692571043968 -0.414007782936 0.2103076 -0.52732605
1580993100.75 -0.230927109718 0.668610155582 0.774796128273 0.004561795 0.5999256
1580993139.68 -0.275670289993 0.561945736408 0.780617952347 0.004561795 0.5999256
1580993164.25 -0.26906439662 0.47487527132 0.685386955738 0.004561795 0.5999256
1580993470.08 -0.138522207737 0.557099580765 0.950708270073 0.004561795 0.5999256
1580993497.64 -0.138555750251 0.669825971127 -0.470226943493 -0.009530355 -0.72439677
1580993664.65 -0.148960620165 0.512923896313 -0.505477368832 -0.009530355 -0.72439677
1580993715.64 -0.245649963617 0.696577310562 -0.455495655537 -0.009530355 -0.72439677
1580994048.86 -0.0421914458275 0.70109385252 -0.526551187038 -0.009530355 -0.72439677
1580994053.42 0.116027340293 0.475376069546 0.00534373754635 0.25187448 -0.23101355
1580994068.72 0.159629777074 0.456014126539 -0.0717574730515 0.25187448 -0.23101355
1580994078.92 0.169178798795 0.514644682407 -0.0769104883075 0.25187448 -0.23101355
