1580311201.25 -0.424112141132 0.546747744083 -0.274261027575 -0.17744917 -0.52422565
1580311290.88 -0.451661258936 0.476775228977 -0.290838062763 -0.17744917 -0.52422565
1580311307.36 -0.392717450857 0.567520141602 -0.314875215292 -0.17744917 -0.52422565
1580311412.35 -0.447249382734 0.472727477551 -0.403520911932 -0.17744917 -0.52422565
1580311426.33 -0.157888233662 0.463826596737 0.0811522677541 -0.01012844 -0.12460296
1580311592.71 -0.284128546715 0.488656133413 -0.0150627754629 -0.01012844 -0.12460296
1580311598.03 -0.232109308243 0.462050646544 -0.0363301485777 -0.01012844 -0.12460296
1580311611.07 -0.200368031859 0.466522455215 0.129632934928 -0.01012844 -0.12460296
1580311634.3 -0.00169891677797 0.46157887578 0.41494306922 0.17077816 0.08102492
1580311680.66 0.132885098457 0.456679105759 0.27977013588 0.17077816 0.08102492
1580311692.59 -0.120819568634 0.556139707565 0.271042823792 0.17077816 0.08102492
1580312861.85 0.0268433280289 0.459027290344 0.160662651062 0.17077816 0.08102492
1580312868.66 0.044176235795 0.528507769108 -0.470426470041 0.30887926 -0.61034966
1580312907.23 0.0551437102258 0.463170915842 -0.456295460463 0.30887926 -0.61034966
1580312916.3 0.0899554863572 0.585542857647 -0.440853863955 0.30887926 -0.61034966
1580312955.97 0.108879186213 0.462419569492 -0.34444925189 0.30887926 -0.61034966
1580312972.43 -0.361927092075 0.565020442009 0.831256628036 -0.26060352 0.5641076
