1580741187.14 -0.341082960367 0.467872917652 -0.334150880575 -0.17744917 -0.52422565
1580741250.14 -0.250406295061 0.466313511133 -0.249901726842 -0.17744917 -0.52422565
1580741273.56 -0.211762219667 0.47132524848 -0.430043250322 -0.06466436 -0.52459294
1580741542.15 -0.148121267557 0.715310275555 -0.249339953065 -0.06466436 -0.52459294
1580741550.29 -0.331001520157 0.571080684662 0.455059617758 -0.17819658 0.20944296
1580741582.34 -0.471613258123 0.61667650938 0.354489564896 -0.17819658 0.20944296
1580741617.47 -0.272481441498 0.698665440083 0.734274804592 -0.16307198 0.48696533
1580741717.28 -0.44154292345 0.484548181295 0.664326429367 -0.16307198 0.48696533
1580741724.05 -0.254039794207 0.694435477257 -0.169297844172 -0.030246 -0.49238187
1580741727.92 -0.215522065759 0.468853533268 -0.250417292118 -0.030246 -0.49238187
1580741756.94 0.0583451241255 0.580651164055 0.700467586517 0.2197657 0.3789442
1580741834.88 -0.00430015241727 0.462750434875 0.543956875801 0.2197657 0.3789442
1580741842.8 -0.0222552437335 0.713175833225 -0.226615637541 0.2489242 -0.40701258
1580742265.73 0.0500640459359 0.457536131144 -0.100060537457 0.2489242 -0.40701258
1580742272.61 -0.421039134264 0.469530135393 0.717703819275 -0.09733302 0.4843198
