1635788542.81 -0.460195660591 0.689966678619 0.365309298038 -0.17744917 -0.52422565
1635788601.04 -0.442185670137 0.703813970089 0.308882325888 -0.17744917 -0.52422565
1635788635.77 -0.408209443092 0.703075528145 0.426063299179 -0.17744917 -0.52422565
1635788677.49 -0.422057330608 0.620453417301 0.368389368057 -0.17744917 -0.52422565
1635788692.45 -0.357904911041 0.662441313267 0.356164723635 -0.17744917 -0.52422565
1635788713.72 -0.438380420208 0.654949605465 0.411190807819 -0.17744917 -0.52422565
1635788731.31 -0.394491404295 0.661321043968 0.401132017374 -0.17744917 -0.52422565
1635788742.72 -0.381670087576 0.670985460281 0.350386083126 -0.17744917 -0.52422565
1635788744.73 -0.438747346401 0.694352388382 0.371345549822 -0.17744917 -0.52422565
1635788762.9 -0.372741252184 0.650078356266 0.331757187843 -0.17744917 -0.52422565
1635788773.8 -0.473777592182 0.657252371311 0.377398639917 -0.17744917 -0.52422565
1635788801.32 -0.420683890581 0.672835230827 0.339080095291 -0.17744917 -0.52422565
1635788803.33 -0.392933756113 0.701022028923 0.345067083836 -0.17744917 -0.52422565
1635788832.97 -0.396469712257 0.674974143505 0.35929569602 -0.17744917 -0.52422565
1635788856.95 -0.464409261942 0.673527121544 0.367080003023 -0.17744917 -0.52422565
1635788928.66 -0.488155007362 0.680846393108 0.374139815569 -0.17744917 -0.52422565
1635788950.09 -0.242970585823 0.674875795841 1.57374966145 0.020985423 0.72689235
1635788980.25 -0.189289316535 0.693158268929 1.64170789719 0.020985423 0.72689235
1635789154.14 -0.20079985261 0.505857050419 1.667796731 0.020985423 0.72689235
1635789190.03 -0.192427799106 0.661218643188 1.65512239933 0.020985423 0.72689235
1635789219.3 -0.166439175606 0.68587833643 1.60759305954 0.020985423 0.72689235
1635789241.44 -0.24170139432 0.67237085104 1.66455376148 0.020985423 0.72689235
1635789287.21 -0.213674396276 0.638135671616 1.67805922031 0.020985423 0.72689235
1635789342.9 -0.20026551187 0.652776777744 1.62857353687 0.020985423 0.72689235
1635789360.96 -0.250687152147 0.652121305466 1.63389050961 0.020985423 0.72689235
1635789399.96 -0.208948478103 0.498967736959 1.66166400909 0.020985423 0.72689235
1635789467.04 -0.289562493563 0.658214151859 1.60056054592 0.020985423 0.72689235
1635789539.06 -0.225411549211 0.656130135059 1.6732019186 0.020985423 0.72689235
1635789562.59 -0.291125804186 0.64990568161 1.60021185875 0.020985423 0.72689235
1635789594.96 -0.216904386878 0.622955858707 1.57262051105 0.020985423 0.72689235
1635789624.08 -0.257323533297 0.659223496914 1.58029866219 0.020985423 0.72689235
1635789649.76 -0.177898332477 0.678918242455 1.64707398415 0.020985423 0.72689235
1635789656.87 -0.15538457036 0.629521906376 1.0401109457 0.084810846 0.08348403
1635789678.88 -0.10079267621 0.64906847477 1.00371587276 0.084810846 0.08348403
1635789719.97 -0.23829293251 0.638242006302 0.971647381783 0.084810846 0.08348403
1635789776.27 -0.181479662657 0.658577919006 0.915121078491 0.084810846 0.08348403
1635789802.51 -0.13362967968 0.681470215321 0.974951088428 0.084810846 0.08348403
1635789843.88 -0.124648563564 0.680893778801 0.955276966095 0.084810846 0.08348403
1635789873.75 -0.100539684296 0.503571033478 0.989723861217 0.084810846 0.08348403
1635789891.32 -0.152571827173 0.665344834328 0.974987387657 0.084810846 0.08348403
1635789920.83 -0.197376310825 0.646745562553 1.01743543148 0.084810846 0.08348403
1635789946.49 -0.18539956212 0.556250452995 0.944290995598 0.084810846 0.08348403
1635789957.0 -0.163386702538 0.696342229843 1.00992524624 0.084810846 0.08348403
1635789978.9 -0.235102832317 0.655460596085 0.973617017269 0.084810846 0.08348403
1635789987.11 -0.207468375564 0.67598503828 0.95583575964 0.084810846 0.08348403
1635790008.72 -0.20794133842 0.63777422905 0.943424284458 0.084810846 0.08348403
1635790023.96 -0.160383060575 0.515102624893 0.936059951782 0.084810846 0.08348403
1635790054.81 -0.196746870875 0.613495111465 0.977375268936 0.084810846 0.08348403
1635790063.94 0.0575150772929 0.653624176979 0.198486298323 0.30657375 -0.65971416
1635790099.24 0.0415280759335 0.671725809574 0.175398647785 0.30657375 -0.65971416
1635790113.45 0.0777889192104 0.64636605978 0.267136752605 0.30657375 -0.65971416
1635790138.91 0.0757655054331 0.675758242607 0.212776958942 0.30657375 -0.65971416
1635790159.95 0.0341938436031 0.687040150166 0.206412032247 0.30657375 -0.65971416
1635790182.46 0.0779995769262 0.652627289295 0.205469548702 0.30657375 -0.65971416
1635790201.2 0.0521224066615 0.621887505054 0.202974960208 0.30657375 -0.65971416
1635790222.5 0.0477938875556 0.635681867599 0.190345332026 0.30657375 -0.65971416
1635790233.91 0.0286371912807 0.653595685959 0.202608153224 0.30657375 -0.65971416
1635790261.72 0.105943419039 0.684870660305 0.203650981188 0.30657375 -0.65971416
1635790271.83 0.0699528753757 0.641643464565 0.298174500465 0.30657375 -0.65971416
1635790329.11 0.0914860069752 0.65043759346 0.223744705319 0.30657375 -0.65971416
1635790367.78 -0.00995433889329 0.626037836075 0.231943994761 0.30657375 -0.65971416
