1635788505.5 -0.331471353769 0.509576678276 0.370238512754 -0.17744917 -0.52422565 0.927000045776
1635788541.58 -0.506398022175 0.464659184217 0.360756337643 -0.17744917 -0.52422565 0.405999898911
1635788541.81 -0.492274641991 0.470385551453 0.322554528713 -0.17744917 -0.52422565 0.105999946594
1635788542.96 -0.505571901798 0.652018904686 0.379911124706 -0.17744917 -0.52422565 0.786999940872
1635788551.31 -0.481215506792 0.465479195118 0.432486057281 -0.17744917 -0.52422565 0.125
1635788553.11 -0.473647743464 0.457438290119 0.437140613794 -0.17744917 -0.52422565 0.0169999599457
1635788553.14 -0.478301495314 0.459926366806 0.440121769905 -0.17744917 -0.52422565 0.0169999599457
1635788553.47 -0.473161756992 0.459212392569 0.443830132484 -0.17744917 -0.52422565 0.316999912262
1635788574.6 -0.426475048065 0.465791761875 0.452746242285 -0.17744917 -0.52422565 0.663000106812
1635788599.08 -0.475945353508 0.54428011179 0.314996391535 -0.17744917 -0.52422565 0.144999980927
1635788601.81 -0.447461903095 0.471672356129 0.451399087906 -0.17744917 -0.52422565 1.27900004387
1635788605.02 -0.377431482077 0.688559830189 0.43266299367 -0.17744917 -0.52422565 0.267999887466
1635788636.55 -0.501323223114 0.50165772438 0.401252359152 -0.17744917 -0.52422565 1.97499990463
1635788653.01 -0.426210910082 0.599135041237 0.301032841206 -0.17744917 -0.52422565 0.397000074387
1635788655.72 -0.408089250326 0.539287745953 0.302520275116 -0.17744917 -0.52422565 0.0169999599457
1635788655.76 -0.408240526915 0.531623959541 0.297503203154 -0.17744917 -0.52422565 0.0169999599457
1635788660.27 -0.437493830919 0.465703397989 0.452513277531 -0.17744917 -0.52422565 0.40499997139
1635788661.61 -0.428129643202 0.691480457783 0.451876848936 -0.17744917 -0.52422565 0.225000143051
1635788662.29 -0.419018387794 0.716180741787 0.450940787792 -0.17744917 -0.52422565 0.30899977684
1635788674.31 -0.482908815145 0.600782096386 0.431502908468 -0.17744917 -0.52422565 0.523000001907
1635788676.23 -0.456385374069 0.707924604416 0.446530908346 -0.17744917 -0.52422565 0.0680000782013
1635788679.38 -0.36709818244 0.677240252495 0.42018032074 -0.17744917 -0.52422565 2.49100017548
1635788691.24 -0.357912093401 0.50553548336 0.35160395503 -0.17744917 -0.52422565 0.445999860764
1635788692.55 -0.357158780098 0.662390470505 0.357079952955 -0.17744917 -0.52422565 0.598000049591
1635788694.26 -0.508050441742 0.488616168499 0.374561756849 -0.17744917 -0.52422565 0.376000165939
1635788714.04 -0.454989403486 0.58387029171 0.450134187937 -0.17744917 -0.52422565 1.55900001526
1635788732.05 -0.486751645803 0.518350362778 0.426190108061 -0.17744917 -0.52422565 2.03399991989
1635788741.75 -0.373848438263 0.519047319889 0.324315339327 -0.17744917 -0.52422565 0.246000051498
1635788745.72 -0.500822782516 0.609989643097 0.401973098516 -0.17744917 -0.52422565 3.50999999046
1635788761.97 -0.369662463665 0.538339734077 0.329565435648 -0.17744917 -0.52422565 0.503000020981
1635788762.93 -0.374315857887 0.633916974068 0.324515551329 -0.17744917 -0.52422565 0.580999851227
1635788772.97 -0.498661130667 0.531454920769 0.408208549023 -0.17744917 -0.52422565 0.539000034332
1635788774.01 -0.432929754257 0.492010861635 0.451019138098 -0.17744917 -0.52422565 0.744999885559
1635788784.65 -0.429175019264 0.51780807972 0.453669369221 -0.17744917 -0.52422565 0.299999952316
1635788799.84 -0.387691408396 0.556861162186 0.312218517065 -0.17744917 -0.52422565 0.680000066757
1635788803.87 -0.500048458576 0.48177883029 0.403792738914 -0.17744917 -0.52422565 3.05599999428
1635788823.23 -0.49860432744 0.495121449232 0.408004164696 -0.17744917 -0.52422565 0.0920000076294
1635788832.07 -0.370549708605 0.521293640137 0.329352736473 -0.17744917 -0.52422565 0.362999916077
1635788833.34 -0.495338439941 0.517219424248 0.335958480835 -0.17744917 -0.52422565 0.944000005722
1635788855.5 -0.505212366581 0.465440392494 0.38188329339 -0.17744917 -0.52422565 0.37700009346
1635788857.3 -0.501460254192 0.60875749588 0.40484175086 -0.17744917 -0.52422565 0.854000091553
1635788867.65 -0.498225390911 0.466081261635 0.341491788626 -0.17744917 -0.52422565 0.00799989700317
1635788867.81 -0.491051226854 0.468207597733 0.420329868793 -0.17744917 -0.52422565 0.151000022888
1635788886.77 -0.487715989351 0.52828681469 0.425999194384 -0.17744917 -0.52422565 0.443000078201
1635788911.54 -0.356792896986 0.559887170792 0.356509149075 -0.17744917 -0.52422565 0.27799987793
1635788916.56 -0.508195579052 0.501181900501 0.376788973808 -0.17744917 -0.52422565 0.130000114441
1635788918.45 -0.47685444355 0.514831006527 0.436704695225 -0.17744917 -0.52422565 0.0340001583099
1635788927.6 -0.503192186356 0.578306257725 0.359219908714 -0.17744917 -0.52422565 1.10500001907
1635788928.0 -0.505272507668 0.638154387474 0.372059911489 -0.17744917 -0.52422565 0.200000047684
1635788928.66 -0.488429069519 0.680720686913 0.373482435942 0.020985423 0.72689235 0.517000198364
1635788936.86 -0.384689003229 0.462025105953 1.67404985428 0.020985423 0.72689235 1.27999997139
1635788939.46 -0.145235806704 0.537216484547 1.64326441288 0.020985423 0.72689235 0.246999979019
1635788950.58 -0.163375854492 0.52081143856 1.58246684074 0.020985423 0.72689235 1.78400015831
1635788963.86 -0.305601686239 0.484312325716 1.60432004929 0.020985423 0.72689235 0.184000015259
1635788969.43 -0.278660058975 0.469034135342 1.55233836174 0.020985423 0.72689235 0.321000099182
1635788978.61 -0.162004962564 0.454171031713 1.66287302971 0.020985423 0.72689235 0.28400015831
1635788980.64 -0.15079241991 0.614580929279 1.63239824772 0.020985423 0.72689235 0.896000146866
1635789000.07 -0.324660509825 0.462008535862 1.68202769756 0.020985423 0.72689235 0.677999973297
1635789016.61 -0.189113005996 0.649264097214 1.56205379963 0.020985423 0.72689235 0.575999975204
1635789016.93 -0.188069939613 0.659882187843 1.5631262064 0.020985423 0.72689235 0.0090000629425
1635789016.96 -0.185576111078 0.659012615681 1.56474339962 0.020985423 0.72689235 0.0170001983643
1635789016.99 -0.18123626709 0.655749261379 1.56805109978 0.020985423 0.72689235 0.0170001983643
1635789017.01 -0.179915904999 0.65495967865 1.56907761097 0.020985423 0.72689235 0.0090000629425
1635789018.27 -0.178492456675 0.531061410904 1.68600094318 0.020985423 0.72689235 0.621000051498
1635789019.12 -0.187930434942 0.678578734398 1.69134140015 0.020985423 0.72689235 0.333000183105
1635789029.73 -0.189337477088 0.559131860733 1.56202626228 0.020985423 0.72689235 0.259000062943
1635789032.39 -0.239577591419 0.516790628433 1.71374905109 0.020985423 0.72689235 1.36400008202
1635789032.57 -0.231959015131 0.512037038803 1.70257055759 0.020985423 0.72689235 0.0450000762939
1635789046.84 -0.260106801987 0.600021481514 1.55845677853 0.020985423 0.72689235 0.426999807358
1635789050.32 -0.288205981255 0.462367653847 1.67400586605 0.020985423 0.72689235 0.230999946594
1635789068.89 -0.254577308893 0.500626564026 1.55473279953 0.020985423 0.72689235 0.280000209808
1635789087.83 -0.119140058756 0.461241483688 1.65366661549 0.020985423 0.72689235 1.46600008011
1635789108.43 -0.288884669542 0.461596667767 1.68769621849 0.020985423 0.72689235 0.581000089645
1635789128.67 -0.204845130444 0.616351664066 1.5551623106 0.020985423 0.72689235 0.452999830246
1635789154.74 -0.176363095641 0.49045163393 1.57132899761 0.020985423 0.72689235 2.10599994659
1635789165.83 -0.301209658384 0.459427773952 1.68708157539 0.020985423 0.72689235 0.634000062943
1635789188.57 -0.261851549149 0.530198216438 1.71601426601 0.020985423 0.72689235 0.512999773026
1635789190.44 -0.215426966548 0.621689379215 1.70120120049 0.020985423 0.72689235 0.930000066757
1635789202.87 -0.185587972403 0.501300275326 1.56291353703 0.020985423 0.72689235 0.844000101089
1635789217.07 -0.155984476209 0.516862571239 1.64968383312 0.020985423 0.72689235 0.00500011444092
1635789217.31 -0.169725909829 0.534722805023 1.67664194107 0.020985423 0.72689235 0.227999925613
1635789219.95 -0.276137262583 0.496596872807 1.68538534641 0.020985423 0.72689235 1.15599989891
1635789226.0 -0.14571043849 0.46075335145 1.6304705143 0.020985423 0.72689235 0.651000022888
1635789226.41 -0.169383868575 0.46459916234 1.57999813557 0.020985423 0.72689235 0.191999912262
1635789240.57 -0.246383994818 0.513339340687 1.70099055767 0.020985423 0.72689235 0.40499997139
1635789241.54 -0.246799096465 0.643936872482 1.70328915119 0.020985423 0.72689235 0.604000091553
1635789286.38 -0.222696259618 0.511233270168 1.7021894455 0.020985423 0.72689235 0.480000019073
1635789286.4 -0.22253382206 0.514937996864 1.70363044739 0.020985423 0.72689235 0.00899982452393
1635789288.88 -0.214315280318 0.536525845528 1.7032200098 0.020985423 0.72689235 2.27200007439
1635789343.48 -0.157780408859 0.577474951744 1.65516388416 0.020985423 0.72689235 1.9509999752
1635789354.01 -0.303054004908 0.638104021549 1.63378930092 0.020985423 0.72689235 0.504999876022
1635789357.3 -0.0683106929064 0.491372078657 1.62691247463 0.020985423 0.72689235 0.450000047684
1635789359.51 -0.200366646051 0.587635397911 1.55658471584 0.020985423 0.72689235 0.160000085831
1635789361.17 -0.252649396658 0.577148497105 1.70292961597 0.020985423 0.72689235 0.74599981308
1635789389.24 -0.275600075722 0.460863977671 1.69221758842 0.020985423 0.72689235 0.52999997139
1635789390.34 -0.261720150709 0.458397328854 1.69411861897 0.020985423 0.72689235 0.069000005722
1635789390.8 -0.328130632639 0.46431940794 1.68541169167 0.020985423 0.72689235 0.398000001907
1635789396.66 -0.164933890104 0.501924335957 1.69797205925 0.020985423 0.72689235 0.805000066757
1635789403.64 -0.177317395806 0.457105189562 1.6823091507 0.020985423 0.72689235 5.18799996376
1635789411.06 -0.265511512756 0.517327845097 1.69236755371 0.020985423 0.72689235 0.143999814987
1635789411.08 -0.264851331711 0.518191337585 1.6935852766 0.020985423 0.72689235 0.00999999046326
1635789412.36 -0.0837758183479 0.463713377714 1.66837477684 0.020985423 0.72689235 1.02999997139
1635789417.71 -0.271136373281 0.509936034679 1.56237828732 0.020985423 0.72689235 0.303999900818
1635789421.36 -0.277589529753 0.670689463615 1.56971442699 0.020985423 0.72689235 0.419000148773
1635789434.38 -0.293317645788 0.475673347712 1.66805899143 0.020985423 0.72689235 0.371999979019
1635789435.92 -0.194085001945 0.633582174778 1.69371402264 0.020985423 0.72689235 0.422000169754
1635789436.98 -0.167267888784 0.53791898489 1.58070528507 0.020985423 0.72689235 0.561000108719
1635789466.11 -0.304588586092 0.520518004894 1.62387216091 0.020985423 0.72689235 0.496999979019
1635789467.25 -0.300593912601 0.64586019516 1.60245120525 0.020985423 0.72689235 0.736999988556
1635789485.97 -0.182349205017 0.454036235809 1.56662070751 0.020985423 0.72689235 0.107999801636
1635789487.0 -0.314326494932 0.464413046837 1.65767908096 0.020985423 0.72689235 0.712000131607
1635789518.7 -0.303159713745 0.463024228811 1.616279006 0.020985423 0.72689235 0.794000148773
1635789520.61 -0.29132065177 0.611012101173 1.66743147373 0.020985423 0.72689235 0.101000070572
1635789536.96 -0.200792059302 0.638815522194 1.55611038208 0.020985423 0.72689235 0.410999774933
1635789538.33 -0.238266795874 0.520457386971 1.70239496231 0.020985423 0.72689235 0.777000188828
1635789539.64 -0.171394169331 0.563869476318 1.67879426479 0.020985423 0.72689235 1.1210000515
1635789563.41 -0.148616701365 0.455438107252 1.64776086807 0.020985423 0.72689235 1.79699993134
1635789569.82 -0.284815847874 0.459280878305 1.6763099432 0.020985423 0.72689235 0.459000110626
1635789596.13 -0.145270824432 0.463302314281 1.64330792427 0.020985423 0.72689235 2.29299998283
1635789615.81 -0.284306049347 0.511109292507 1.57537341118 0.020985423 0.72689235 0.430000066757
1635789624.71 -0.156566038728 0.480218321085 1.65062129498 0.020985423 0.72689235 1.617000103
1635789627.12 -0.187035247684 0.483621865511 1.6934568882 0.020985423 0.72689235 0.532999992371
1635789628.12 -0.276373267174 0.493482351303 1.68737030029 0.020985423 0.72689235 0.566999912262
1635789628.51 -0.303138524294 0.461926877499 1.62090432644 0.020985423 0.72689235 0.0829999446869
1635789647.3 -0.152494564652 0.61023247242 1.62166821957 0.020985423 0.72689235 0.589999914169
1635789648.08 -0.158296912909 0.666541993618 1.59877979755 0.020985423 0.72689235 0.342000007629
1635789648.64 -0.18111269176 0.518425941467 1.68584752083 0.020985423 0.72689235 0.118000030518
1635789649.76 -0.177723035216 0.678905844688 1.64705276489 0.084810846 0.08348403 0.509999990463
1635789655.31 -0.214442744851 0.452434539795 1.0409194231 0.084810846 0.08348403 0.00899982452393
1635789655.95 -0.109072990716 0.467885226011 1.035202384 0.084810846 0.08348403 0.639999866486
1635789655.97 -0.109034448862 0.472200483084 1.03480494022 0.084810846 0.08348403 0.00799989700317
1635789657.57 -0.164352372289 0.45656555891 0.902133643627 0.084810846 0.08348403 1.55599999428
1635789677.18 -0.131810560822 0.458765208721 1.05025470257 0.084810846 0.08348403 0.584000110626
1635789679.39 -0.0908635035157 0.621346235275 0.988513529301 0.084810846 0.08348403 1.00500011444
1635789716.96 -0.241886109114 0.51177996397 0.97988319397 0.084810846 0.08348403 1.04699993134
1635789720.21 -0.240522921085 0.63572627306 0.973721146584 0.084810846 0.08348403 0.744999885559
1635789721.89 -0.241028979421 0.614115059376 0.978100955486 0.084810846 0.08348403 0.241999864578
1635789742.97 -0.160405293107 0.536037564278 1.05859148502 0.084810846 0.08348403 0.200999975204
1635789743.38 -0.163148134947 0.537398934364 1.05827307701 0.084810846 0.08348403 0.358000040054
1635789743.39 -0.163351133466 0.537164509296 1.05822920799 0.084810846 0.08348403 0.00899982452393
1635789744.33 -0.243893504143 0.497628301382 0.980501115322 0.084810846 0.08348403 0.418999910355
1635789757.76 -0.0915441438556 0.44927406311 0.972289085388 0.084810846 0.08348403 0.486999988556
1635789775.21 -0.199276983738 0.504008054733 0.914008140564 0.084810846 0.08348403 0.304999828339
1635789776.54 -0.181722611189 0.651010394096 0.909377038479 0.084810846 0.08348403 0.780999898911
1635789797.96 -0.207122549415 0.503700137138 1.04656195641 0.084810846 0.08348403 0.108000040054
1635789799.63 -0.103441432118 0.547396659851 1.02489030361 0.084810846 0.08348403 0.18799996376
1635789800.99 -0.0941592752934 0.694596111774 1.00544476509 0.084810846 0.08348403 0.134999990463
1635789801.85 -0.0911360234022 0.664582133293 0.993058860302 0.084810846 0.08348403 0.426000118256
1635789804.16 -0.159584671259 0.495560735464 0.908309519291 0.084810846 0.08348403 2.14699983597
1635789804.53 -0.241560176015 0.452948659658 0.992667198181 0.084810846 0.08348403 0.066999912262
1635789825.96 -0.186692193151 0.458872795105 1.05555725098 0.084810846 0.08348403 0.542999982834
1635789832.3 -0.156977847219 0.465283542871 0.907907605171 0.084810846 0.08348403 0.279000043869
1635789842.52 -0.0970394164324 0.522108435631 0.94866335392 0.084810846 0.08348403 0.394999980927
1635789843.06 -0.118219904602 0.642581224442 0.925064086914 0.084810846 0.08348403 0.184000015259
1635789844.39 -0.247439622879 0.486155211926 0.96651750803 0.084810846 0.08348403 1.00599980354
1635789856.17 -0.0979045107961 0.459581047297 0.911924362183 0.084810846 0.08348403 0.978999853134
1635789873.8 -0.0910498276353 0.505820393562 0.988229453564 0.084810846 0.08348403 1.56200003624
1635789891.77 -0.223748087883 0.509092986584 1.03477907181 0.084810846 0.08348403 1.72499990463
1635789919.94 -0.212455332279 0.515326499939 1.04247832298 0.084810846 0.08348403 0.309000015259
1635789921.31 -0.0988204628229 0.490702092648 1.01883494854 0.084810846 0.08348403 1.11299991608
1635789947.38 -0.232576280832 0.669539213181 0.948351383209 0.084810846 0.08348403 2.40400004387
1635789956.21 -0.180643826723 0.5313398242 1.05675458908 0.084810846 0.08348403 0.543999910355
1635789957.47 -0.198149040341 0.556337177753 1.0516140461 0.084810846 0.08348403 1.22900009155
1635789977.34 -0.239632338285 0.523883283138 0.963625907898 0.084810846 0.08348403 0.167000055313
1635789978.95 -0.240886464715 0.657134056091 0.974201619625 0.084810846 0.08348403 0.545000076294
1635789985.87 -0.234871760011 0.454334616661 0.95219707489 0.084810846 0.08348403 0.730999946594
1635789987.54 -0.189314171672 0.542047083378 0.911306798458 0.084810846 0.08348403 1.28699994087
1635790007.91 -0.192584708333 0.512357950211 0.912397027016 0.084810846 0.08348403 0.40299987793
1635790008.86 -0.217418551445 0.604869842529 0.928337752819 0.084810846 0.08348403 0.711999893188
1635790024.03 -0.183281257749 0.491073697805 0.909354090691 0.084810846 0.08348403 1.57299995422
1635790046.34 -0.124357223511 0.500382959843 1.04586601257 0.084810846 0.08348403 0.430000066757
1635790054.82 -0.196693241596 0.614264845848 0.977394104004 0.30657375 -0.65971416 1.51400017738
1635790062.65 0.0669921264052 0.453671872616 0.15029399097 0.30657375 -0.65971416 0.487999916077
1635790064.45 0.0127815771848 0.641595125198 0.174394980073 0.30657375 -0.65971416 1.0759999752
1635790082.1 0.0864869058132 0.6109598279 0.307493567467 0.30657375 -0.65971416 0.287999868393
1635790085.04 0.0453731715679 0.459376424551 0.108305193484 0.30657375 -0.65971416 0.638999938965
1635790096.03 0.053124807775 0.579353153706 0.314853310585 0.30657375 -0.65971416 0.184000015259
1635790097.65 0.0384914800525 0.457430452108 0.0890292227268 0.30657375 -0.65971416 0.725999832153
1635790099.32 0.0271178483963 0.664935231209 0.167200058699 0.30657375 -0.65971416 0.579999923706
1635790114.17 -0.0118791917339 0.500132322311 0.197053194046 0.30657375 -0.65971416 1.91799998283
1635790136.72 0.0964785069227 0.530399262905 0.174762159586 0.30657375 -0.65971416 0.299000024796
1635790137.77 0.12571413815 0.630486011505 0.214505061507 0.30657375 -0.65971416 0.210000038147
1635790139.36 0.0920672044158 0.513220727444 0.306000232697 0.30657375 -0.65971416 0.955000162125
1635790156.24 0.0056920517236 0.609381914139 0.297822892666 0.30657375 -0.65971416 0.396000146866
1635790157.64 0.0726456716657 0.472871482372 0.16413731873 0.30657375 -0.65971416 0.30899977684
1635790158.79 0.0335330329835 0.644547522068 0.165412858129 0.30657375 -0.65971416 0.383999824524
1635790160.62 -0.00812331400812 0.626884222031 0.282711654902 0.30657375 -0.65971416 1.17499995232
1635790179.82 0.00395933259279 0.474513202906 0.181725084782 0.30657375 -0.65971416 0.0829999446869
1635790182.68 0.130903944373 0.603176832199 0.228954195976 0.30657375 -0.65971416 0.72100019455
1635790196.66 -0.0261585190892 0.517783403397 0.233856603503 0.30657375 -0.65971416 0.0090000629425
1635790196.9 -0.0218582693487 0.577591001987 0.23292119801 0.30657375 -0.65971416 0.226999998093
1635790199.87 0.0777321010828 0.486582815647 0.166282653809 0.30657375 -0.65971416 0.374000072479
1635790201.99 0.0178248733282 0.642157554626 0.172587499022 0.30657375 -0.65971416 1.60899996758
1635790221.39 0.0591243356466 0.502336263657 0.163762047887 0.30657375 -0.65971416 0.52999997139
1635790224.04 0.120000176132 0.613978922367 0.20108255744 0.30657375 -0.65971416 2.22200012207
1635790232.87 0.0409204438329 0.453812241554 0.164304405451 0.30657375 -0.65971416 0.588000059128
1635790234.16 0.0633826255798 0.585593283176 0.161520108581 0.30657375 -0.65971416 0.825999975204
1635790260.79 0.122862875462 0.619496583939 0.206084087491 0.30657375 -0.65971416 0.661999940872
1635790263.25 0.127687200904 0.634971261024 0.224959298968 0.30657375 -0.65971416 2.03600001335
1635790263.59 0.0750780254602 0.467371731997 0.312357276678 0.30657375 -0.65971416 0.200000047684
1635790272.31 0.111889906228 0.610684156418 0.289484411478 0.30657375 -0.65971416 1.45000004768
1635790295.35 0.0456207618117 0.515458703041 0.162677496672 0.30657375 -0.65971416 0.538999795914
1635790296.65 0.0716222971678 0.643298447132 0.165266171098 0.30657375 -0.65971416 0.480000019073
1635790298.66 0.072023190558 0.691575944424 0.165725618601 0.30657375 -0.65971416 0.192999839783
1635790317.9 0.0123563772067 0.637501060963 0.301817983389 0.30657375 -0.65971416 1.07999992371
1635790318.72 0.00624396465719 0.658484816551 0.297598898411 0.30657375 -0.65971416 0.40900015831
1635790318.74 0.00635400600731 0.658756732941 0.297593027353 0.30657375 -0.65971416 0.00899982452393
1635790326.43 -0.0195010900497 0.595890164375 0.222539126873 0.30657375 -0.65971416 0.242000102997
1635790328.43 0.123682796955 0.573549091816 0.207513540983 0.30657375 -0.65971416 0.801000118256
1635790329.62 0.0821575894952 0.526484131813 0.16541172564 0.30657375 -0.65971416 1.02100014687
1635790368.22 -0.00543520553038 0.57650488615 0.190994679928 0.30657375 -0.65971416 1.43700003624
1635790374.83 0.0732230693102 0.453590720892 0.312238365412 0.30657375 -0.65971416 0.608999967575
