1636549865.14 -0.429814130068 0.702279627323 0.42137825489 -0.17744917 -0.52422565
1636550049.67 -0.422578006983 0.675519108772 0.414641708136 -0.17744917 -0.52422565
1636550072.49 -0.472601294518 0.722323179245 0.338090837002 -0.17744917 -0.52422565
1636550141.19 -0.432024538517 0.715428113937 0.380488842726 -0.17744917 -0.52422565
1636550153.89 -0.422629386187 0.63604837656 0.367348879576 -0.17744917 -0.52422565
1636550203.52 -0.485652238131 0.680733978748 0.323279291391 -0.17744917 -0.52422565
1636550212.98 -0.424721211195 0.655400454998 0.37133783102 -0.17744917 -0.52422565
1636550252.3 -0.407556563616 0.709815442562 0.428634703159 -0.17744917 -0.52422565
1636550255.97 -0.428676128387 0.68608289957 0.39021730423 -0.17744917 -0.52422565
1636550307.11 -0.524250149727 0.70105689764 0.401389598846 -0.17744917 -0.52422565
1636550315.71 -0.0117660015821 0.673303604126 0.63744956255 0.22199461 -0.27245396
1636550370.41 0.0919346511364 0.654025435448 0.61671090126 0.22199461 -0.27245396
1636550381.0 -0.00350467674434 0.656354784966 0.594924271107 0.22199461 -0.27245396
1636550442.71 -0.0200821459293 0.677478611469 0.636657178402 0.22199461 -0.27245396
1636550453.5 -0.027802079916 0.684637069702 0.689359724522 0.22199461 -0.27245396
1636550516.76 -0.0364017114043 0.685496687889 0.572920322418 0.22199461 -0.27245396
1636550527.16 -0.0144552998245 0.667975306511 0.640787959099 0.22199461 -0.27245396
1636550609.49 -0.00478297844529 0.673732876778 0.595939218998 0.22199461 -0.27245396
1636550623.88 0.0334293656051 0.678325951099 0.640480160713 0.22199461 -0.27245396
1636550663.8 0.0400818549097 0.69992518425 0.662701964378 0.22199461 -0.27245396
1636550670.91 -0.0350435972214 0.679411053658 0.1310890764 0.19963956 -0.75612456
1636550678.37 0.0330256000161 0.455463111401 0.0948150083423 0.19963956 -0.75612456
1636550690.79 0.0112643828616 0.685745835304 0.113447904587 0.19963956 -0.75612456
1636550704.15 -0.0461487360299 0.715167343616 0.0475871637464 0.19963956 -0.75612456
1636550711.6 -0.0829272791743 0.685805439949 0.149346232414 0.19963956 -0.75612456
1636550780.36 -0.0111658163369 0.667860805988 0.143952414393 0.19963956 -0.75612456
1636550791.71 -0.122260756791 0.668195366859 0.156963825226 0.19963956 -0.75612456
1636550860.0 -0.00958723761141 0.670810818672 0.122173525393 0.19963956 -0.75612456
1636550876.61 -0.0939677655697 0.672646105289 0.182402089238 0.19963956 -0.75612456
1636550896.49 -0.00914791412652 0.722365558147 0.0425254181027 0.19963956 -0.75612456
1636550906.55 -0.0607322156429 0.688116371632 0.605207383633 0.17356835 -0.2699628
1636550974.95 -0.0673264116049 0.626590311527 0.589716494083 0.17356835 -0.2699628
1636550976.96 -0.128644704819 0.646280169487 0.634641110897 0.17356835 -0.2699628
1636551042.59 -0.119943283498 0.67099493742 0.610988259315 0.17356835 -0.2699628
1636551044.6 -0.124242499471 0.668353021145 0.621647179127 0.17356835 -0.2699628
1636551054.05 -0.0644844397902 0.660543739796 0.613501727581 0.17356835 -0.2699628
1636551058.41 -0.0186668895185 0.688017308712 0.612790286541 0.17356835 -0.2699628
1636551075.9 -0.0822437107563 0.643448829651 0.597649693489 0.17356835 -0.2699628
1636551077.92 -0.0881586819887 0.672766089439 0.616140365601 0.17356835 -0.2699628
1636551079.93 -0.104439094663 0.62752944231 0.551615536213 0.17356835 -0.2699628
1636551094.22 -0.271521866322 0.68526661396 1.5772330761 -0.038722117 0.6291475
1636551160.23 -0.351829171181 0.683568060398 1.56140565872 -0.038722117 0.6291475
1636551179.12 -0.34280911088 0.701353371143 1.53183662891 -0.038722117 0.6291475
1636551242.76 -0.241622522473 0.681874275208 1.52248966694 -0.038722117 0.6291475
1636551246.38 -0.24617190659 0.708548843861 1.56328940392 -0.038722117 0.6291475
1636551308.18 -0.232757687569 0.687346160412 1.51275980473 -0.038722117 0.6291475
1636551319.15 -0.30822956562 0.645945906639 1.57766830921 -0.038722117 0.6291475
1636551330.6 -0.223900318146 0.688113152981 1.5584435463 -0.038722117 0.6291475
1636551337.64 -0.233561813831 0.693877577782 1.52787387371 -0.038722117 0.6291475
1636551375.54 -0.227200478315 0.691720485687 1.61634421349 -0.038722117 0.6291475
1636551385.34 -0.0302415750921 0.656116366386 0.510844945908 0.24878927 -0.35909083
1636551387.34 0.0810779854655 0.669899344444 0.519587695599 0.24878927 -0.35909083
1636551402.24 -0.0348638705909 0.68615758419 0.504771053791 0.24878927 -0.35909083
1636551465.61 -0.0392746664584 0.695787787437 0.486677765846 0.24878927 -0.35909083
1636551476.94 0.06125087291 0.686444282532 0.530892372131 0.24878927 -0.35909083
1636551478.95 0.0885365307331 0.681837797165 0.583734333515 0.24878927 -0.35909083
1636551491.79 0.0162327606231 0.623190522194 0.495105475187 0.24878927 -0.35909083
1636551493.81 0.0764505937696 0.656248152256 0.512072086334 0.24878927 -0.35909083
1636551513.54 -0.0444856323302 0.681168675423 0.499648422003 0.24878927 -0.35909083
1636551522.57 0.10348431766 0.648557364941 0.542408823967 0.24878927 -0.35909083
1636551537.78 -0.482131272554 0.679332315922 0.547609210014 -0.15976068 -0.36849734
1636551577.56 -0.397928506136 0.5053409338 0.487751632929 -0.15976068 -0.36849734
1636551583.64 -0.475365549326 0.673221707344 0.525373578072 -0.15976068 -0.36849734
1636551596.53 -0.502327501774 0.636059880257 0.628838002682 -0.15976068 -0.36849734
1636551605.23 -0.431940644979 0.718135237694 0.484566599131 -0.15976068 -0.36849734
1636551621.36 -0.482872158289 0.675389587879 0.514208078384 -0.15976068 -0.36849734
