1636549846.03 -0.506748497486 0.469399213791 0.384845376015 -0.17744917 -0.52422565 0.0620000362396
1636549863.61 -0.439867347479 0.467664241791 0.456436574459 -0.17744917 -0.52422565 0.0750000476837
1636549865.92 -0.427780807018 0.467956453562 0.224503800273 -0.17744917 -0.52422565 2.1930000782
1636549879.3 -0.575192153454 0.467180252075 0.415773779154 -0.17744917 -0.52422565 0.601000070572
1636549912.12 -0.43260550499 0.549206137657 0.210981339216 -0.17744917 -0.52422565 1.19999980927
1636550047.19 -0.450452744961 0.469322413206 0.293035954237 -0.17744917 -0.52422565 0.521999835968
1636550050.79 -0.479831218719 0.587516009808 0.432964116335 -0.17744917 -0.52422565 1.632999897
1636550064.52 -0.367476612329 0.462804675102 0.419143557549 -0.17744917 -0.52422565 0.707000017166
1636550071.78 -0.502720355988 0.626750171185 0.395615786314 -0.17744917 -0.52422565 0.141999959946
1636550073.0 -0.580359995365 0.629795432091 0.365732222795 -0.17744917 -0.52422565 1.01999998093
1636550094.28 -0.28574731946 0.477528184652 0.433520436287 -0.17744917 -0.52422565 0.25
1636550115.79 -0.40763014555 0.545504391193 0.526263415813 -0.17744917 -0.52422565 0.742000102997
1636550116.76 -0.37077614665 0.679562747478 0.515146434307 -0.17744917 -0.52422565 0.467000007629
1636550134.55 -0.448868483305 0.685126423836 0.303239166737 -0.17744917 -0.52422565 0.433000087738
1636550135.28 -0.398656994104 0.704056024551 0.307518571615 -0.17744917 -0.52422565 0.27999997139
1636550135.99 -0.40300270915 0.667394042015 0.303048491478 -0.17744917 -0.52422565 0.3140001297
1636550141.61 -0.408284544945 0.591916739941 0.301627784967 -0.17744917 -0.52422565 1.82899999619
1636550154.41 -0.403298228979 0.508965611458 0.225535199046 -0.17744917 -0.52422565 1.90100002289
1636550186.33 -0.541759371758 0.469834327698 0.272981524467 -0.17744917 -0.52422565 0.766999959946
1636550203.53 -0.48540315032 0.681743323803 0.323836743832 -0.17744917 -0.52422565 0.516999959946
1636550203.75 -0.484726160765 0.692093849182 0.325318485498 -0.17744917 -0.52422565 0.108000040054
1636550205.98 -0.379344850779 0.521572589874 0.318282991648 -0.17744917 -0.52422565 0.213000059128
1636550213.81 -0.388754010201 0.465345621109 0.522504866123 -0.17744917 -0.52422565 1.77600002289
1636550236.09 -0.490411072969 0.465716540813 0.515917301178 -0.17744917 -0.52422565 0.725000143051
1636550249.2 -0.580396771431 0.501173853874 0.380466669798 -0.17744917 -0.52422565 0.066999912262
1636550253.5 -0.459482759237 0.697568595409 0.446597844362 -0.17744917 -0.52422565 2.50100016594
1636550256.69 -0.371015757322 0.474782139063 0.234367564321 -0.17744917 -0.52422565 1.38400006294
1636550297.07 -0.496362090111 0.523581147194 0.109230175614 -0.17744917 -0.52422565 0.776000022888
1636550299.87 -0.279741495848 0.689523398876 0.358924746513 -0.17744917 -0.52422565 0.467000007629
1636550306.14 -0.573617637157 0.515426158905 0.42146679759 -0.17744917 -0.52422565 0.684000015259
1636550307.12 -0.522295951843 0.702326416969 0.401803731918 0.22199461 -0.27245396 0.516999959946
1636550309.95 -0.0105280373245 0.447840332985 0.70861017704 0.22199461 -0.27245396 0.0090000629425
1636550312.16 -0.048192627728 0.49896672368 0.544593811035 0.22199461 -0.27245396 1.09400010109
1636550316.06 -0.048245370388 0.449718117714 0.778496086597 0.22199461 -0.27245396 1.40899991989
1636550331.37 0.0148777551949 0.452121257782 0.484199970961 0.22199461 -0.27245396 0.275000095367
1636550331.38 0.0182415544987 0.449887037277 0.484061390162 0.22199461 -0.27245396 0.0090000629425
1636550334.25 0.0844565108418 0.447473883629 0.737796068192 0.22199461 -0.27245396 2.71700000763
1636550350.04 0.0944157168269 0.444853127003 0.716368198395 0.22199461 -0.27245396 0.501000165939
1636550351.11 0.000416435534135 0.465674251318 0.479110598564 0.22199461 -0.27245396 0.925999879837
1636550351.13 -0.000894941622391 0.461604326963 0.474780410528 0.22199461 -0.27245396 0.0090000629425
1636550356.71 -0.0593941733241 0.452412307262 0.783751547337 0.22199461 -0.27245396 0.524999856949
1636550369.54 0.117688663304 0.482162117958 0.580349206924 0.22199461 -0.27245396 0.633999824524
1636550370.42 0.0920589417219 0.652816236019 0.617394328117 0.22199461 -0.27245396 0.542000055313
1636550377.48 -0.0442570224404 0.63745456934 0.701057195663 0.22199461 -0.27245396 0.30999994278
1636550378.04 -0.0295123010874 0.693753600121 0.703088462353 0.22199461 -0.27245396 0.275000095367
1636550380.04 -0.0832785367966 0.484226644039 0.57368272543 0.22199461 -0.27245396 0.0840001106262
1636550382.41 0.0998070910573 0.449241369963 0.709515988827 0.22199461 -0.27245396 1.96700000763
1636550382.63 0.10709746182 0.46290242672 0.693374991417 0.22199461 -0.27245396 0.0590000152588
1636550382.65 0.108187995851 0.467366784811 0.688346147537 0.22199461 -0.27245396 0.00800013542175
1636550382.71 0.113890886307 0.492153555155 0.672895491123 0.22199461 -0.27245396 0.0340001583099
1636550383.18 0.0264741294086 0.452935755253 0.486587315798 0.22199461 -0.27245396 0.306999921799
1636550420.48 0.0576022006571 0.448816478252 0.750381827354 0.22199461 -0.27245396 0.600999832153
1636550441.01 -0.10550506413 0.454565495253 0.587411403656 0.22199461 -0.27245396 1.78399991989
1636550441.31 -0.0989023894072 0.462345778942 0.659515202045 0.22199461 -0.27245396 0.25200009346
1636550441.46 -0.0829524621367 0.450100392103 0.681020200253 0.22199461 -0.27245396 0.0349998474121
1636550443.24 0.0149964112788 0.571249485016 0.68855458498 0.22199461 -0.27245396 1.125
1636550454.17 0.106165245175 0.479480028152 0.562200188637 0.22199461 -0.27245396 1.80900001526
1636550455.76 -0.00397236831486 0.452200084925 0.479023516178 0.22199461 -0.27245396 0.133999824524
1636550459.22 0.00375011842698 0.456943154335 0.804237723351 0.22199461 -0.27245396 0.934000015259
1636550465.46 0.120479434729 0.581918716431 0.632937788963 0.22199461 -0.27245396 1.05900001526
1636550466.76 0.081528313458 0.459763675928 0.525111198425 0.22199461 -0.27245396 0.225000143051
1636550498.09 0.0998368635774 0.48381921649 0.704240202904 0.22199461 -0.27245396 0.500999927521
1636550499.06 -0.0107486322522 0.50195980072 0.777747511864 0.22199461 -0.27245396 0.266999959946
1636550515.73 0.00433223880827 0.589785397053 0.558255314827 0.22199461 -0.27245396 0.47200012207
1636550516.23 -0.0508527867496 0.666805207729 0.55521696806 0.22199461 -0.27245396 0.180999994278
1636550517.45 0.0478800535202 0.498466849327 0.621721625328 0.22199461 -0.27245396 1.20399999619
1636550524.17 -0.0264623314142 0.668952703476 0.702909886837 0.22199461 -0.27245396 0.587999820709
1636550524.86 -0.0791360139847 0.665090441704 0.684686124325 0.22199461 -0.27245396 0.500999927521
1636550525.48 -0.0902351215482 0.680525243282 0.671787559986 0.22199461 -0.27245396 0.184000015259
1636550527.66 0.061311904341 0.469243764877 0.504581511021 0.22199461 -0.27245396 1.08400011063
1636550530.79 -0.0355109199882 0.451647937298 0.778882622719 0.22199461 -0.27245396 0.733000040054
1636550543.91 -0.181857824326 0.462758362293 0.606068789959 0.22199461 -0.27245396 0.658999919891
1636550553.11 0.0492975786328 0.451779574156 0.755749881268 0.22199461 -0.27245396 0.959000110626
1636550573.82 0.0597572624683 0.466480791569 0.749161839485 0.22199461 -0.27245396 0.591999769211
1636550596.79 0.0225246846676 0.447093605995 0.484548568726 0.22199461 -0.27245396 2.05500006676
1636550604.55 0.0358251966536 0.615821063519 0.590958476067 0.22199461 -0.27245396 0.517999887466
1636550605.7 -0.0451911240816 0.450505465269 0.70147639513 0.22199461 -0.27245396 0.730000019073
1636550608.19 -0.103480368853 0.459802627563 0.612717568874 0.22199461 -0.27245396 0.430999994278
1636550609.77 -0.00566969346255 0.6345667243 0.555989384651 0.22199461 -0.27245396 0.783999919891
1636550620.78 0.0465101376176 0.447894066572 0.657117307186 0.22199461 -0.27245396 1.41199994087
1636550623.18 0.03888579458 0.673488497734 0.658281981945 0.22199461 -0.27245396 0.463000059128
1636550624.84 0.117526307702 0.56770247221 0.664786756039 0.22199461 -0.27245396 1.47099995613
1636550645.6 -0.146067753434 0.497357845306 0.724342405796 0.22199461 -0.27245396 1.39199995995
1636550663.03 0.102920502424 0.50533080101 0.698705136776 0.22199461 -0.27245396 0.693000078201
1636550663.8 0.0402134172618 0.700240552425 0.662803649902 0.19963956 -0.75612456 0.567999839783
1636550670.13 0.0332630686462 0.475484371185 0.105619713664 0.19963956 -0.75612456 1.18000006676
1636550673.1 -0.151206448674 0.464605867863 0.259784847498 0.19963956 -0.75612456 2.79699993134
1636550678.37 0.0346326939762 0.456266701221 0.096825838089 0.19963956 -0.75612456 3.50900006294
1636550687.33 -0.0796158611774 0.664061486721 0.216331019998 0.19963956 -0.75612456 0.680000066757
1636550688.52 0.0209777336568 0.461175858974 0.122521705925 0.19963956 -0.75612456 0.690999984741
1636550691.67 -0.199850827456 0.463165670633 0.10069924593 0.19963956 -0.75612456 1.37999987602
1636550704.16 -0.046280041337 0.71603423357 0.0492124892771 0.19963956 -0.75612456 1.99199986458
1636550708.99 -0.112990155816 0.500608026981 0.190166473389 0.19963956 -0.75612456 0.493000030518
1636550710.86 -0.127436459064 0.65602427721 0.127213954926 0.19963956 -0.75612456 0.50200009346
1636550714.33 0.131049603224 0.504168510437 0.146070420742 0.19963956 -0.75612456 3.23199987411
1636550717.48 0.0830301940441 0.455255299807 0.208130210638 0.19963956 -0.75612456 0.0920000076294
1636550736.53 0.076715439558 0.470560908318 0.220854818821 0.19963956 -0.75612456 1.007999897
1636550766.26 -0.174026235938 0.462613046169 0.233213797212 0.19963956 -0.75612456 0.117000102997
1636550775.42 -0.101357340813 0.522684216499 0.0854187607765 0.19963956 -0.75612456 0.865999937057
1636550777.06 -0.131188690662 0.595551609993 0.148990601301 0.19963956 -0.75612456 0.492000102997
1636550778.26 -0.00578048638999 0.460004299879 0.0790555998683 0.19963956 -0.75612456 1.12400007248
1636550780.73 0.0216800682247 0.638730108738 0.165362641215 0.19963956 -0.75612456 0.873000144958
1636550792.8 -0.197893291712 0.463034570217 0.0938981920481 0.19963956 -0.75612456 1.59599995613
1636550856.85 0.00831074640155 0.460921823978 0.0740735903382 0.19963956 -0.75612456 0.424999952316
1636550859.17 0.0183482766151 0.693935215473 0.16731724143 0.19963956 -0.75612456 0.225999832153
1636550860.19 -0.0210236571729 0.637519538403 0.0748376324773 0.19963956 -0.75612456 0.6890001297
1636550867.68 0.0244646836072 0.597862780094 0.125870451331 0.19963956 -0.75612456 0.759999990463
1636550870.06 -0.0154321417212 0.481709897518 0.0737457722425 0.19963956 -0.75612456 0.401000022888
1636550874.31 -0.127615615726 0.459959208965 0.13156940043 0.19963956 -0.75612456 0.427000045776
1636550877.09 -0.115596614778 0.503816008568 0.283121794462 0.19963956 -0.75612456 0.996000051498
1636550896.49 -0.00867453031242 0.723213732243 0.0428413189948 0.17356835 -0.2699628 1.45899987221
1636550905.07 0.00154415145516 0.444488078356 0.617371618748 0.17356835 -0.2699628 0.730999946594
1636550907.88 0.0716591328382 0.49052220583 0.602802872658 0.17356835 -0.2699628 1.86500000954
1636550948.79 0.0318978205323 0.450930207968 0.734551131725 0.17356835 -0.2699628 1.0
1636550972.17 -0.0116450916976 0.447414249182 0.676627516747 0.17356835 -0.2699628 1.05999994278
1636550977.6 -0.154819920659 0.453728735447 0.75974714756 0.17356835 -0.2699628 3.14700007439
1636550980.94 0.0723269879818 0.445061445236 0.691650271416 0.17356835 -0.2699628 0.90900015831
1636551003.27 0.0044323457405 0.512900650501 0.757626116276 0.17356835 -0.2699628 0.566999912262
1636551013.64 0.0340576581657 0.456408947706 0.733694195747 0.17356835 -0.2699628 0.250999927521
1636551015.65 0.0119894212112 0.453207194805 0.508769094944 0.17356835 -0.2699628 0.367000102997
1636551023.06 -0.178011551499 0.493431568146 0.748037338257 0.17356835 -0.2699628 1.06700015068
1636551041.57 -0.0503364242613 0.686724424362 0.559103369713 0.17356835 -0.2699628 0.501999855042
1636551045.47 -0.0108400555328 0.452211737633 0.766100406647 0.17356835 -0.2699628 3.38499999046
1636551054.47 -0.0030188402161 0.606425642967 0.614632725716 0.17356835 -0.2699628 1.88400006294
1636551057.62 -0.00317625328898 0.683348596096 0.626951217651 0.17356835 -0.2699628 0.467000007629
1636551058.92 0.05717362836 0.488440304995 0.554795861244 0.17356835 -0.2699628 1.01300001144
1636551066.48 -0.128948435187 0.458941340446 0.488550245762 0.17356835 -0.2699628 1.0
1636551079.94 -0.104513898492 0.627393007278 0.551392376423 -0.038722117 0.6291475 5.87599992752
1636551093.12 -0.257916510105 0.464128732681 1.6389182806 -0.038722117 0.6291475 0.621000051498
1636551095.06 -0.36432403326 0.460930287838 1.66977536678 -0.038722117 0.6291475 1.34599995613
1636551096.24 -0.270872652531 0.475034922361 1.67936778069 -0.038722117 0.6291475 0.00800013542175
1636551096.4 -0.222434431314 0.460201352835 1.66581845284 -0.038722117 0.6291475 0.117000102997
1636551099.45 -0.26296171546 0.455605983734 1.38009262085 -0.038722117 0.6291475 1.94199991226
1636551099.51 -0.247778579593 0.455301642418 1.37111699581 -0.038722117 0.6291475 0.00800013542175
1636551126.4 -0.15321624279 0.459179580212 1.59638130665 -0.038722117 0.6291475 0.0999999046326
1636551157.5 -0.330190211535 0.459774166346 1.59288585186 -0.038722117 0.6291475 0.147000074387
1636551158.13 -0.215694159269 0.547311246395 1.50988352299 -0.038722117 0.6291475 0.369999885559
1636551160.28 -0.354530274868 0.685152471066 1.56546127796 -0.038722117 0.6291475 0.555000066757
1636551178.11 -0.359596014023 0.473318845034 1.50669276714 -0.038722117 0.6291475 0.746999979019
1636551179.59 -0.438889741898 0.551106154919 1.53583645821 -0.038722117 0.6291475 0.980000019073
1636551198.13 -0.402852147818 0.468544065952 1.63212740421 -0.038722117 0.6291475 0.335000038147
1636551232.36 -0.438146471977 0.507614016533 1.55954563618 -0.038722117 0.6291475 0.575000047684
1636551243.39 -0.261754512787 0.498038977385 1.601572752 -0.038722117 0.6291475 1.54999995232
1636551247.01 -0.338613897562 0.461537390947 1.38757669926 -0.038722117 0.6291475 1.13099980354
1636551275.26 -0.339348137379 0.514862596989 1.67087566853 -0.038722117 0.6291475 0.0499999523163
1636551278.31 -0.188880771399 0.52690833807 1.41251242161 -0.038722117 0.6291475 0.542000055313
1636551308.57 -0.228611439466 0.641195833683 1.57790195942 -0.038722117 0.6291475 1.41700005531
1636551320.1 -0.44697624445 0.463299125433 1.5266379118 -0.038722117 0.6291475 2.39199995995
1636551328.65 -0.215703427792 0.508617222309 1.69350886345 -0.038722117 0.6291475 0.950000047684
1636551330.74 -0.213981792331 0.687072575092 1.5449924469 -0.038722117 0.6291475 0.650000095367
1636551331.41 -0.340685904026 0.68096601963 1.58331942558 -0.038722117 0.6291475 0.616999864578
1636551331.86 -0.300637871027 0.715575814247 1.60393929482 -0.038722117 0.6291475 0.108999967575
1636551332.23 -0.292235940695 0.717470109463 1.60469079018 -0.038722117 0.6291475 0.0360000133514
1636551334.33 -0.162023767829 0.458871662617 1.59971153736 -0.038722117 0.6291475 1.20399999619
1636551338.63 -0.446988910437 0.539426863194 1.58389639854 -0.038722117 0.6291475 1.97499990463
1636551338.68 -0.43226185441 0.46228313446 1.59038722515 -0.038722117 0.6291475 0.0419998168945
1636551350.33 -0.136597901583 0.466853439808 1.54984235764 -0.038722117 0.6291475 1.86699986458
1636551374.75 -0.239378169179 0.480150669813 1.67223000526 -0.038722117 0.6291475 0.908999919891
1636551375.55 -0.227200478315 0.691720485687 1.61634421349 0.24878927 -0.35909083 0.516999959946
1636551387.35 0.080915465951 0.670208692551 0.519557595253 0.24878927 -0.35909083 2.80399990082
1636551387.64 0.0690599530935 0.701386749744 0.520387887955 0.24878927 -0.35909083 0.108999967575
1636551389.96 -0.00931881926954 0.44835627079 0.621544778347 0.24878927 -0.35909083 0.328999996185
1636551400.78 -0.0260523557663 0.568418383598 0.468362718821 0.24878927 -0.35909083 0.549999952316
1636551402.76 0.0504902526736 0.474615603685 0.399193793535 0.24878927 -0.35909083 1.01999998093
1636551413.56 0.100005291402 0.446033984423 0.650706350803 0.24878927 -0.35909083 1.35100007057
1636551424.03 0.00420323992148 0.477302700281 0.387935400009 0.24878927 -0.35909083 0.958999872208
1636551431.98 0.0044881105423 0.453442752361 0.693083703518 0.24878927 -0.35909083 0.641999959946
1636551449.25 0.0532719120383 0.44919782877 0.681094527245 0.24878927 -0.35909083 0.299999952316
1636551464.75 -0.0301319025457 0.589379906654 0.470478385687 0.24878927 -0.35909083 0.358000040054
1636551466.15 -0.0446981489658 0.691347837448 0.477960586548 0.24878927 -0.35909083 1.05200004578
1636551473.66 -0.0186541266739 0.457762718201 0.45862647891 0.24878927 -0.35909083 0.400000095367
1636551475.61 0.0235571265221 0.675401091576 0.470605999231 0.24878927 -0.35909083 0.0759999752045
1636551476.17 0.0629435703158 0.652170598507 0.504283666611 0.24878927 -0.35909083 0.309000015259
1636551477.67 0.133749753237 0.541009783745 0.603890240192 0.24878927 -0.35909083 1.23799991608
1636551478.96 0.0887457132339 0.682024717331 0.583819568157 0.24878927 -0.35909083 0.875999927521
1636551490.94 0.0198289938271 0.578063368797 0.46883648634 0.24878927 -0.35909083 0.329999923706
1636551493.81 0.075785048306 0.64660102129 0.516445994377 0.24878927 -0.35909083 2.52600002289
1636551494.06 0.0704534798861 0.448805242777 0.577095925808 0.24878927 -0.35909083 0.200999975204
1636551494.96 0.003450286109 0.450795173645 0.616528809071 0.24878927 -0.35909083 0.592000007629
1636551512.77 -0.0464311502874 0.518457829952 0.479047715664 0.24878927 -0.35909083 0.233999967575
1636551514.21 -0.0444867685437 0.531687796116 0.394492268562 0.24878927 -0.35909083 1.19400000572
1636551521.22 0.142858564854 0.677305400372 0.57764172554 0.24878927 -0.35909083 1.23399996758
1636551521.81 0.145723536611 0.712003409863 0.561061263084 0.24878927 -0.35909083 0.234000205994
1636551522.57 0.10223479569 0.646000087261 0.541450798512 -0.15976068 -0.36849734 0.516999959946
1636551536.79 -0.439517140388 0.531292915344 0.461047559977 -0.15976068 -0.36849734 0.305000066757
1636551538.27 -0.562977492809 0.591970682144 0.518648922443 -0.15976068 -0.36849734 0.994999885559
1636551554.07 -0.524174869061 0.594095051289 0.431784391403 -0.15976068 -0.36849734 1.27499985695
1636551579.25 -0.393606007099 0.474856138229 0.606663823128 -0.15976068 -0.36849734 5.20499992371
1636551582.73 -0.425140470266 0.461642086506 0.449165731668 -0.15976068 -0.36849734 0.556999921799
1636551584.19 -0.55688226223 0.567824304104 0.489062666893 -0.15976068 -0.36849734 1.08399987221
1636551586.79 -0.242404222488 0.45615619421 0.581671118736 -0.15976068 -0.36849734 0.657999992371
1636551596.53 -0.502450048923 0.635864853859 0.628533005714 -0.15976068 -0.36849734 1.24199986458
1636551596.98 -0.430478036404 0.467010229826 0.457150489092 -0.15976068 -0.36849734 0.217000007629
1636551604.6 -0.484895765781 0.593064725399 0.514618933201 -0.15976068 -0.36849734 0.454999923706
1636551606.48 -0.341904133558 0.658072650433 0.399472564459 -0.15976068 -0.36849734 1.7539999485
1636551619.98 -0.545087873936 0.545329868793 0.601823985577 -0.15976068 -0.36849734 0.450999975204
1636551621.39 -0.485681205988 0.677908539772 0.513609230518 -0.15976068 -0.36849734 0.542999982834
