1635944136.5 -0.434591501951 0.652569770813 0.425348371267 -0.17744917 -0.52422565
1635944177.98 -0.497119426727 0.675171434879 0.385074704885 -0.17744917 -0.52422565
1635944197.03 -0.399744510651 0.661953687668 0.408354312181 -0.17744917 -0.52422565
1635944208.04 -0.396314024925 0.655000805855 0.446233034134 -0.17744917 -0.52422565
1635944222.91 -0.377038627863 0.66762316227 0.388712137938 -0.17744917 -0.52422565
1635944250.83 -0.541112363338 0.701972365379 0.313009053469 -0.17744917 -0.52422565
1635944259.15 -0.412726670504 0.674938738346 0.352773457766 -0.17744917 -0.52422565
1635944273.94 -0.422914326191 0.687785208225 0.333778589964 -0.17744917 -0.52422565
1635944285.05 -0.465439230204 0.707848846912 0.340015590191 -0.17744917 -0.52422565
1635944320.43 -0.427981972694 0.643302738667 0.318572819233 -0.17744917 -0.52422565
1635944330.86 -0.413520246744 0.68707036972 0.334973543882 -0.17744917 -0.52422565
1635944366.32 -0.447227835655 0.669319689274 0.311505079269 -0.17744917 -0.52422565
1635944376.55 -0.430156975985 0.692808449268 0.40209043026 -0.17744917 -0.52422565
1635944403.01 -0.382021546364 0.695831120014 0.474044054747 -0.17744917 -0.52422565
1635944407.89 -0.478966116905 0.679384291172 0.402420967817 -0.17744917 -0.52422565
1635944429.37 -0.28314435482 0.457393169403 0.333863198757 -0.17744917 -0.52422565
1635944439.27 -0.327810674906 0.662122607231 1.3177177906 -0.023277294 0.40040752
1635944476.03 -0.241975277662 0.641867995262 1.42889070511 -0.023277294 0.40040752
1635944502.41 -0.29035705328 0.693212509155 1.23720955849 -0.023277294 0.40040752
1635944508.59 -0.373703181744 0.673855781555 1.25035202503 -0.023277294 0.40040752
1635944516.71 -0.262208372355 0.657151401043 1.34956228733 -0.023277294 0.40040752
1635944550.43 -0.286087632179 0.584554791451 1.18532526493 -0.023277294 0.40040752
1635944565.08 -0.335461556911 0.67352449894 1.28867030144 -0.023277294 0.40040752
1635944591.75 -0.348656445742 0.456096112728 1.12837636471 -0.023277294 0.40040752
1635944619.07 -0.256033331156 0.673417270184 1.33657073975 -0.023277294 0.40040752
1635944653.56 -0.300544142723 0.680891871452 1.32910037041 -0.023277294 0.40040752
1635944660.44 -0.276048153639 0.669914960861 1.24460232258 -0.023277294 0.40040752
1635944693.39 -0.329717069864 0.558728456497 1.28495848179 -0.023277294 0.40040752
1635944705.29 -0.319524347782 0.670331120491 1.34389710426 -0.023277294 0.40040752
1635944712.09 -0.167408958077 0.51546049118 1.28207981586 -0.023277294 0.40040752
1635944732.88 -0.225618377328 0.621467649937 1.32235443592 -0.023277294 0.40040752
1635944739.24 -0.212227642536 0.456839293242 1.2680850029 -0.023277294 0.40040752
1635944771.01 -0.141702517867 0.67614877224 0.145271897316 0.09563041 -0.7357742
1635944793.45 0.0158638693392 0.454421252012 0.0901022851467 0.09563041 -0.7357742
1635944819.82 -0.207700937986 0.697292804718 0.123546428978 0.09563041 -0.7357742
1635944859.63 -0.0110564604402 0.459934622049 0.0882003456354 0.09563041 -0.7357742
1635944871.8 -0.220988839865 0.634424448013 0.180980369449 0.09563041 -0.7357742
1635944876.02 -0.0819225013256 0.454530715942 0.180614098907 0.09563041 -0.7357742
1635944885.1 -0.137776479125 0.540438175201 0.207662507892 0.09563041 -0.7357742
1635944920.7 -0.170779109001 0.63817179203 0.180621132255 0.09563041 -0.7357742
1635944965.52 -0.133559688926 0.640209078789 0.222389727831 0.09563041 -0.7357742
1635944999.82 -0.12999227643 0.635836005211 0.224600657821 0.09563041 -0.7357742
1635945026.26 -0.169678673148 0.660644292831 0.206373348832 0.09563041 -0.7357742
1635945062.02 -0.0361219793558 0.46539208293 0.137618601322 0.09563041 -0.7357742
1635945078.07 -0.138526722789 0.657905519009 0.115700602531 0.09563041 -0.7357742
1635945115.65 0.00648680701852 0.457024276257 0.099829852581 0.09563041 -0.7357742
1635945131.12 -0.164635032415 0.675917506218 0.128814637661 0.09563041 -0.7357742
1635945175.98 -0.0492527782917 0.455446720123 0.110357314348 0.09563041 -0.7357742
1635945189.05 -0.407725274563 0.658861100674 0.701578438282 -0.11915112 -0.16746059
1635945193.11 -0.218691408634 0.448528915644 0.740495920181 -0.11915112 -0.16746059
1635945206.94 -0.433782339096 0.696086287498 0.750110447407 -0.11915112 -0.16746059
1635945247.84 -0.385326683521 0.669664621353 0.643151640892 -0.11915112 -0.16746059
1635945276.3 -0.362135589123 0.623257279396 0.778511106968 -0.11915112 -0.16746059
1635945285.54 -0.424024015665 0.533616483212 0.718411684036 -0.11915112 -0.16746059
1635945312.17 -0.412820100784 0.691846549511 0.740072548389 -0.11915112 -0.16746059
1635945345.37 -0.325526148081 0.638816833496 0.786626696587 -0.11915112 -0.16746059
1635945377.18 -0.427273839712 0.629254043102 0.759331226349 -0.11915112 -0.16746059
1635945409.8 -0.327181458473 0.620416581631 0.808586239815 -0.11915112 -0.16746059
1635945424.85 -0.390047758818 0.669498503208 0.681829512119 -0.11915112 -0.16746059
1635945458.79 -0.420090377331 0.456923931837 0.781325817108 -0.11915112 -0.16746059
1635945481.84 -0.369130462408 0.632613241673 0.779377937317 -0.11915112 -0.16746059
1635945521.65 -0.403875559568 0.59748506546 0.747227489948 -0.11915112 -0.16746059
1635945643.85 -0.414259135723 0.688648223877 0.752440154552 -0.11915112 -0.16746059
1635945680.4 -0.384216070175 0.539194345474 0.700682461262 -0.11915112 -0.16746059
1635945687.41 -0.390444338322 0.64883440733 1.65526366234 -0.113741234 0.7380187
1635945696.28 -0.555340707302 0.513392031193 1.68742144108 -0.113741234 0.7380187
1635945705.53 -0.347779601812 0.653556108475 1.63471078873 -0.113741234 0.7380187
1635945737.56 -0.431445419788 0.65991550684 1.64077293873 -0.113741234 0.7380187
1635945754.94 -0.391374230385 0.659127414227 1.6318051815 -0.113741234 0.7380187
1635945790.66 -0.335074335337 0.622128486633 1.60525512695 -0.113741234 0.7380187
1635945806.33 -0.339308798313 0.622725903988 1.62251710892 -0.113741234 0.7380187
1635945836.63 -0.40817078948 0.459657907486 1.59405183792 -0.113741234 0.7380187
1635945843.48 -0.350673168898 0.609385967255 1.56477737427 -0.113741234 0.7380187
1635945867.93 -0.548393905163 0.487874597311 1.61577761173 -0.113741234 0.7380187
1635945886.65 -0.402684926987 0.675857841969 1.64313685894 -0.113741234 0.7380187
1635945908.0 -0.241932600737 0.48668718338 1.53439617157 -0.113741234 0.7380187
1635945938.71 -0.341912716627 0.689131677151 1.67504012585 -0.113741234 0.7380187
1635945954.12 -0.420064240694 0.477323114872 1.59333205223 -0.113741234 0.7380187
1635946000.03 -0.382239878178 0.678450286388 1.68433725834 -0.113741234 0.7380187
