1635944137.01 -0.433561861515 0.509134888649 0.577036499977 -0.17744917 -0.52422565 1.29199981689
1635944170.18 -0.421845078468 0.466199278831 0.171803876758 -0.17744917 -0.52422565 0.559000015259
1635944170.33 -0.419738173485 0.46476829052 0.175510123372 -0.17744917 -0.52422565 0.0920000076294
1635944170.6 -0.414357692003 0.470078796148 0.17476978898 -0.17744917 -0.52422565 0.25
1635944171.27 -0.364625632763 0.4635861516 0.186375364661 -0.17744917 -0.52422565 0.643000125885
1635944171.86 -0.3512403965 0.463227987289 0.189960733056 -0.17744917 -0.52422565 0.339999914169
1635944176.08 -0.422682851553 0.463117033243 0.579210340977 -0.17744917 -0.52422565 0.100000143051
1635944178.65 -0.369149208069 0.495505422354 0.327468782663 -0.17744917 -0.52422565 2.18300008774
1635944198.06 -0.516554415226 0.470082461834 0.55919778347 -0.17744917 -0.52422565 2.06700015068
1635944208.05 -0.397025883198 0.657107591629 0.446118205786 -0.17744917 -0.52422565 1.50900006294
1635944208.35 -0.396926373243 0.666199803352 0.443366140127 -0.17744917 -0.52422565 0.258000135422
1635944224.11 -0.569253742695 0.504640161991 0.520187199116 -0.17744917 -0.52422565 2.70899987221
1635944232.09 -0.581352829933 0.491688787937 0.239553064108 -0.17744917 -0.52422565 0.467000007629
1635944236.91 -0.595960855484 0.474231690168 0.491503596306 -0.17744917 -0.52422565 0.458999872208
1635944250.84 -0.541709125042 0.701918423176 0.313862740993 -0.17744917 -0.52422565 1.36800003052
1635944252.12 -0.46863514185 0.502547264099 0.441272854805 -0.17744917 -0.52422565 0.066999912262
1635944261.42 -0.44862511754 0.46165266633 0.575126826763 -0.17744917 -0.52422565 3.39900016785
1635944275.12 -0.466824620962 0.49362963438 0.442422151566 -0.17744917 -0.52422565 2.69199991226
1635944284.26 -0.501535654068 0.504839539528 0.350620120764 -0.17744917 -0.52422565 0.205000162125
1635944286.0 -0.44879591465 0.470973134041 0.578599989414 -0.17744917 -0.52422565 1.46200013161
1635944290.75 -0.548250257969 0.464552164078 0.537295222282 -0.17744917 -0.52422565 0.149000167847
1635944291.85 -0.551153421402 0.466111004353 0.202004849911 -0.17744917 -0.52422565 0.776000022888
1635944322.5 -0.468937128782 0.543065965176 0.443298369646 -0.17744917 -0.52422565 3.5720000267
1635944330.06 -0.426870673895 0.537082910538 0.300732821226 -0.17744917 -0.52422565 0.230000019073
1635944331.87 -0.539310574532 0.470597028732 0.545197963715 -0.17744917 -0.52422565 1.66299986839
1635944342.11 -0.323845505714 0.460205703974 0.547822415829 -0.17744917 -0.52422565 0.792000055313
1635944367.09 -0.437732875347 0.49721467495 0.451363652945 -0.17744917 -0.52422565 2.00999999046
1635944377.68 -0.552802026272 0.468263745308 0.534748911858 -0.17744917 -0.52422565 2.64200019836
1635944387.43 -0.56407636404 0.493406146765 0.227520078421 -0.17744917 -0.52422565 0.584000110626
1635944403.02 -0.381801337004 0.695114076138 0.473139405251 -0.17744917 -0.52422565 1.2990000248
1635944404.64 -0.442474007607 0.473262131214 0.298907756805 -0.17744917 -0.52422565 0.52999997139
1635944407.03 -0.499875187874 0.535616099834 0.406260371208 -0.17744917 -0.52422565 0.174999952316
1635944408.45 -0.468486070633 0.460505872965 0.575403809547 -0.17744917 -0.52422565 1.07899999619
1635944429.37 -0.28314435482 0.457393169403 0.333863198757 -0.023277294 0.40040752 1.51699995995
1635944437.98 -0.337735176086 0.455663830042 1.33954370022 -0.023277294 0.40040752 0.455999851227
1635944439.79 -0.196576461196 0.459097534418 1.48700273037 -0.023277294 0.40040752 1.03699994087
1635944467.17 -0.192057460546 0.462331712246 1.11190509796 -0.023277294 0.40040752 0.894000053406
1635944472.68 -0.47238445282 0.455283671618 1.22219765186 -0.023277294 0.40040752 0.333000183105
1635944476.03 -0.242049857974 0.641843438148 1.42890965939 -0.023277294 0.40040752 1.11500000954
1635944476.89 -0.197731748223 0.453929632902 1.2697738409 -0.023277294 0.40040752 0.157999992371
1635944492.41 -0.347647368908 0.503644526005 1.30958604813 -0.023277294 0.40040752 0.134000062943
1635944493.76 -0.300141245127 0.532471120358 1.37166917324 -0.023277294 0.40040752 0.233000040054
1635944503.55 -0.200732350349 0.452033221722 1.10828495026 -0.023277294 0.40040752 1.65000009537
1635944508.59 -0.373000323772 0.674847960472 1.2500180006 -0.023277294 0.40040752 1.51800012589
1635944515.62 -0.231872335076 0.456584602594 1.36484587193 -0.023277294 0.40040752 0.458999872208
1635944517.12 -0.07847610116 0.453645080328 1.34659945965 -0.023277294 0.40040752 0.912999868393
1635944517.58 -0.111264720559 0.45308214426 1.18125605583 -0.023277294 0.40040752 0.117000102997
1635944537.86 -0.255466252565 0.52312463522 1.50355601311 -0.023277294 0.40040752 1.20000004768
1635944550.44 -0.285621166229 0.586497485638 1.18580973148 -0.023277294 0.40040752 1.50900006294
1635944564.24 -0.318542361259 0.52388137579 1.36426794529 -0.023277294 0.40040752 0.414000034332
1635944565.7 -0.42521122098 0.458631575108 1.43245148659 -0.023277294 0.40040752 1.19199991226
1635944587.84 -0.44699048996 0.551789283752 1.40118443966 -0.023277294 0.40040752 0.884000062943
1635944590.02 -0.423003792763 0.668496310711 1.43268656731 -0.023277294 0.40040752 0.233999967575
1635944591.76 -0.349333703518 0.455668926239 1.12576711178 -0.023277294 0.40040752 1.50999999046
1635944601.93 -0.349135935307 0.529461205006 1.28833436966 -0.023277294 0.40040752 0.40299987793
1635944617.04 -0.340851426125 0.496013820171 1.33484375477 -0.023277294 0.40040752 0.118000030518
1635944619.59 -0.10821288079 0.457982331514 1.41498529911 -0.023277294 0.40040752 1.17999982834
1635944624.18 -0.326024532318 0.526689827442 1.52049541473 -0.023277294 0.40040752 0.425000190735
1635944653.94 -0.319924265146 0.633278369904 1.3616912365 -0.023277294 0.40040752 1.88399982452
1635944659.37 -0.299912005663 0.471450805664 1.22866988182 -0.023277294 0.40040752 0.486999988556
1635944661.52 -0.377518802881 0.463563799858 1.11966466904 -0.023277294 0.40040752 1.58500003815
1635944693.99 -0.291946411133 0.479277044535 1.22665250301 -0.023277294 0.40040752 2.09700012207
1635944704.42 -0.324724078178 0.530591607094 1.35522890091 -0.023277294 0.40040752 0.447000026703
1635944705.88 -0.278025835752 0.460964500904 1.50089013577 -0.023277294 0.40040752 1.11199998856
1635944712.1 -0.167408958077 0.51546049118 1.28207981586 -0.023277294 0.40040752 1.50899982452
1635944712.76 -0.200507000089 0.572852730751 1.2749311924 -0.023277294 0.40040752 0.450999975204
1635944733.92 -0.143732205033 0.451355814934 1.14713048935 -0.023277294 0.40040752 2.52900004387
1635944736.44 -0.430224895477 0.45827370882 1.17590010166 -0.023277294 0.40040752 0.758999824524
1635944736.47 -0.428038477898 0.460253238678 1.17294287682 -0.023277294 0.40040752 0.00999999046326
1635944739.25 -0.212227642536 0.456839293242 1.2680850029 0.09563041 -0.7357742 1.51699995995
1635944747.11 -0.0859536454082 0.468055486679 0.132038787007 0.09563041 -0.7357742 0.134999990463
1635944747.25 -0.0977900922298 0.463100194931 0.117465272546 0.09563041 -0.7357742 0.125999927521
1635944750.87 -0.210317596793 0.463188439608 0.109722644091 0.09563041 -0.7357742 0.319999933243
1635944754.75 -0.106770031154 0.508515834808 0.227422520518 0.09563041 -0.7357742 0.228999853134
1635944769.73 -0.0956923663616 0.459008514881 0.0898244902492 0.09563041 -0.7357742 0.695999860764
1635944771.78 -0.34619551897 0.46451535821 0.0969245284796 0.09563041 -0.7357742 1.34200000763
1635944793.46 0.0158638693392 0.454421252012 0.0901022851467 0.09563041 -0.7357742 1.50900006294
1635944813.96 -0.0894421935081 0.68978625536 0.130256742239 0.09563041 -0.7357742 0.0750000476837
1635944814.78 -0.0853069573641 0.69953918457 0.142885878682 0.09563041 -0.7357742 0.0090000629425
1635944814.81 -0.0859163925052 0.699524879456 0.140646338463 0.09563041 -0.7357742 0.00899982452393
1635944818.06 -0.233112469316 0.459773182869 0.160120293498 0.09563041 -0.7357742 0.743999958038
1635944821.06 -0.347335338593 0.464223980904 0.231604576111 0.09563041 -0.7357742 1.75300002098
1635944841.52 0.0254471749067 0.456894814968 0.0825482457876 0.09563041 -0.7357742 0.00899982452393
1635944842.12 0.0846779569983 0.464927852154 0.0659702345729 0.09563041 -0.7357742 0.582999944687
1635944843.52 -0.278044044971 0.476647913456 0.330552220345 0.09563041 -0.7357742 0.983999967575
1635944859.63 -0.0133443335071 0.458901405334 0.0876404941082 0.09563041 -0.7357742 1.51699995995
1635944860.7 -0.133833989501 0.459683388472 0.0913360193372 0.09563041 -0.7357742 0.0739998817444
1635944872.69 -0.350658118725 0.464925348759 0.107111103833 0.09563041 -0.7357742 1.83400011063
1635944876.03 -0.0819225013256 0.454530715942 0.180614098907 0.09563041 -0.7357742 1.51700019836
1635944890.94 0.037625156343 0.455892115831 0.102097861469 0.09563041 -0.7357742 7.34299993515
1635944921.37 -0.227670624852 0.58384591341 0.194603443146 0.09563041 -0.7357742 1.992000103
1635944938.58 -0.110685154796 0.511570215225 0.104543745518 0.09563041 -0.7357742 0.177000045776
1635944941.25 -0.218802273273 0.487191051245 0.114715307951 0.09563041 -0.7357742 0.227999925613
1635944957.59 -0.094822883606 0.494070738554 0.120788902044 0.09563041 -0.7357742 0.621000051498
1635944966.65 -0.354050427675 0.478825390339 0.124021075666 0.09563041 -0.7357742 2.03099989891
1635944968.58 -0.306883841753 0.459898889065 0.296845108271 0.09563041 -0.7357742 0.125
1635944969.79 -0.00607929565012 0.452863365412 0.301519066095 0.09563041 -0.7357742 0.982999801636
1635944999.87 -0.135337069631 0.650970041752 0.235833361745 0.09563041 -0.7357742 1.38400006294
1635945001.17 -0.118742860854 0.465152323246 0.0832817107439 0.09563041 -0.7357742 0.783999919891
1635945001.35 -0.212128549814 0.463150560856 0.111252039671 0.09563041 -0.7357742 0.139000177383
1635945023.75 -0.21323813498 0.556768298149 0.214407622814 0.09563041 -0.7357742 0.210000038147
1635945024.72 -0.173450738192 0.665068566799 0.237296745181 0.09563041 -0.7357742 0.0090000629425
1635945025.12 -0.179179623723 0.64994853735 0.23599216342 0.09563041 -0.7357742 0.391999959946
1635945027.16 -0.34721571207 0.468588262796 0.0974842905998 0.09563041 -0.7357742 1.39700007439
1635945029.67 -0.101217851043 0.452287614346 0.369493186474 0.09563041 -0.7357742 0.342000007629
1635945053.96 -0.294530719519 0.466467887163 0.311247467995 0.09563041 -0.7357742 1.05899977684
1635945062.03 -0.0361219793558 0.46539208293 0.137618601322 0.09563041 -0.7357742 1.50999999046
1635945063.16 -0.174713283777 0.459068506956 0.0904644802213 0.09563041 -0.7357742 0.192000150681
1635945075.07 -0.105939343572 0.455467134714 0.228832751513 0.09563041 -0.7357742 0.343000173569
1635945075.19 -0.079594001174 0.45252725482 0.200679287314 0.09563041 -0.7357742 0.118000030518
1635945076.96 -0.200157478452 0.460401207209 0.101373150945 0.09563041 -0.7357742 0.713999986649
1635945078.98 0.0466939657927 0.45681989193 0.0758258551359 0.09563041 -0.7357742 1.4880001545
1635945115.65 0.00592101179063 0.456375807524 0.0994992107153 0.09563041 -0.7357742 1.51700019836
1635945129.94 -0.166732698679 0.515323281288 0.0890687406063 0.09563041 -0.7357742 0.43799996376
1635945132.43 0.0450016260147 0.505800366402 0.123457700014 0.09563041 -0.7357742 1.94199991226
1635945158.78 -0.0116805387661 0.459585547447 0.303810089827 0.09563041 -0.7357742 0.018000125885
1635945159.34 0.0409588254988 0.454092442989 0.118746742606 0.09563041 -0.7357742 0.509000062943
1635945160.96 -0.342869371176 0.491249084473 0.0842326357961 0.09563041 -0.7357742 1.33400011063
1635945162.42 -0.33673208952 0.662271916866 0.0746727213264 0.09563041 -0.7357742 0.116999864578
1635945175.99 -0.0492527782917 0.455446720123 0.110357314348 -0.11915112 -0.16746059 1.50900006294
1635945186.73 -0.345816880465 0.459101468325 0.80582857132 -0.11915112 -0.16746059 0.0469999313354
1635945188.01 -0.402963638306 0.464231342077 0.662867963314 -0.11915112 -0.16746059 1.23900008202
1635945190.17 -0.594218969345 0.541417598724 0.739719927311 -0.11915112 -0.16746059 1.63800001144
1635945190.3 -0.575389742851 0.465423196554 0.753875911236 -0.11915112 -0.16746059 0.0169999599457
1635945190.31 -0.574526488781 0.465398490429 0.75675112009 -0.11915112 -0.16746059 0.00899982452393
1635945190.99 -0.490417808294 0.46090143919 0.893166065216 -0.11915112 -0.16746059 0.642000198364
1635945193.12 -0.218691408634 0.448528915644 0.740495920181 -0.11915112 -0.16746059 1.51800012589
1635945204.42 -0.428904294968 0.513377189636 0.782249867916 -0.11915112 -0.16746059 0.904000043869
1635945205.21 -0.435673505068 0.660616636276 0.771123826504 -0.11915112 -0.16746059 0.266999959946
1635945206.05 -0.446120738983 0.703679919243 0.735947310925 -0.11915112 -0.16746059 0.283999919891
1635945207.54 -0.501315593719 0.469590097666 0.892316162586 -0.11915112 -0.16746059 1.11199998856
1635945209.37 -0.309896409512 0.452308028936 0.929228007793 -0.11915112 -0.16746059 0.476000070572
1635945247.85 -0.385326683521 0.669664621353 0.643151640892 -0.11915112 -0.16746059 1.50999999046
1635945269.75 -0.357443869114 0.59578359127 0.806518435478 -0.11915112 -0.16746059 0.503999948502
1635945271.41 -0.348812997341 0.679375350475 0.804731309414 -0.11915112 -0.16746059 1.40900015831
1635945272.06 -0.349411785603 0.693839430809 0.804519832134 -0.11915112 -0.16746059 0.401000022888
1635945272.09 -0.350212693214 0.694364130497 0.804996192455 -0.11915112 -0.16746059 0.0250000953674
1635945272.12 -0.352216333151 0.691596448421 0.805689334869 -0.11915112 -0.16746059 0.0260000228882
1635945272.16 -0.353879928589 0.689992070198 0.805979609489 -0.11915112 -0.16746059 0.0250000953674
1635945274.76 -0.396429151297 0.646545410156 0.803108513355 -0.11915112 -0.16746059 0.384000062943
1635945277.0 -0.546401560307 0.470987170935 0.627091825008 -0.11915112 -0.16746059 1.20499992371
1635945285.63 -0.444761991501 0.539231538773 0.714389503002 -0.11915112 -0.16746059 1.60000014305
1635945313.18 -0.423641592264 0.456879973412 0.929011464119 -0.11915112 -0.16746059 2.16199994087
1635945345.59 -0.362007945776 0.557219564915 0.80942595005 -0.11915112 -0.16746059 1.64200019836
1635945375.96 -0.444574832916 0.458177685738 0.750608503819 -0.11915112 -0.16746059 0.34299993515
1635945377.77 -0.36554223299 0.456382244825 0.934603154659 -0.11915112 -0.16746059 1.27199983597
1635945397.29 -0.472286969423 0.455766648054 0.90773332119 -0.11915112 -0.16746059 1.18400001526
1635945409.8 -0.326678723097 0.620161235332 0.808718204498 -0.11915112 -0.16746059 1.51699995995
1635945423.78 -0.366392582655 0.460867971182 0.655956089497 -0.11915112 -0.16746059 0.926000118256
1635945425.45 -0.487174957991 0.465792894363 0.568748652935 -0.11915112 -0.16746059 1.10899996758
1635945459.59 -0.206874370575 0.495145261288 0.845284700394 -0.11915112 -0.16746059 2.30100011826
1635945462.39 -0.43658220768 0.460027009249 0.696482121944 -0.11915112 -0.16746059 0.727999925613
1635945463.88 -0.397023797035 0.45599347353 0.805594682693 -0.11915112 -0.16746059 0.933000087738
1635945470.74 -0.379522889853 0.482107937336 0.656320750713 -0.11915112 -0.16746059 0.329999923706
1635945483.04 -0.556342065334 0.461103886366 0.809793114662 -0.11915112 -0.16746059 2.33400011063
1635945484.6 -0.383639991283 0.455895245075 0.934809982777 -0.11915112 -0.16746059 0.916999816895
1635945513.12 -0.20432639122 0.450816810131 0.618090867996 -0.11915112 -0.16746059 1.10100007057
1635945522.35 -0.327377289534 0.45914465189 0.794825315475 -0.11915112 -0.16746059 2.20700001717
1635945534.77 -0.312361389399 0.460705369711 0.779989242554 -0.11915112 -0.16746059 0.0200002193451
1635945534.8 -0.316689372063 0.456795424223 0.785671055317 -0.11915112 -0.16746059 0.0260000228882
1635945534.92 -0.317907631397 0.451505184174 0.785946249962 -0.11915112 -0.16746059 0.0339999198914
1635945536.35 -0.420186251402 0.490523159504 0.790212273598 -0.11915112 -0.16746059 1.41900014877
1635945562.28 -0.435384958982 0.61819589138 0.694595277309 -0.11915112 -0.16746059 0.618000030518
1635945562.3 -0.435011744499 0.62299656868 0.693378388882 -0.11915112 -0.16746059 0.00899982452393
1635945563.98 -0.328916341066 0.456495344639 0.796194791794 -0.11915112 -0.16746059 0.789999961853
1635945609.03 -0.324263453484 0.550603151321 0.672293543816 -0.11915112 -0.16746059 0.724999904633
1635945642.93 -0.402873694897 0.521613657475 0.800906419754 -0.11915112 -0.16746059 0.537999868393
1635945644.6 -0.420694261789 0.459118306637 0.928598463535 -0.11915112 -0.16746059 1.2539999485
1635945645.29 -0.279925227165 0.4540771842 0.913230240345 -0.11915112 -0.16746059 0.166999816895
1635945649.31 -0.500283420086 0.465040326118 0.885879337788 -0.11915112 -0.16746059 0.0169999599457
1635945649.35 -0.498866438866 0.465936213732 0.886119782925 -0.11915112 -0.16746059 0.00800013542175
1635945661.61 -0.144460365176 0.451969504356 0.801801085472 -0.11915112 -0.16746059 1.25099992752
1635945680.4 -0.384122461081 0.538396179676 0.700511932373 -0.113741234 0.7380187 1.5110001564
1635945689.89 -0.369006991386 0.457436650991 1.43609011173 -0.113741234 0.7380187 3.78799986839
1635945696.29 -0.555304706097 0.517470598221 1.6877900362 -0.113741234 0.7380187 1.51700019836
1635945707.61 -0.359358489513 0.459743618965 1.43756496906 -0.113741234 0.7380187 2.96799993515
1635945737.97 -0.430390298367 0.641597747803 1.67265331745 -0.113741234 0.7380187 1.92499995232
1635945755.87 -0.158567845821 0.453267604113 1.63310444355 -0.113741234 0.7380187 2.04999995232
1635945778.31 -0.530665576458 0.493504464626 1.5277711153 -0.113741234 0.7380187 1.29200005531
1635945781.4 -0.540356099606 0.54026144743 1.73074924946 -0.113741234 0.7380187 1.44199991226
1635945781.66 -0.551391482353 0.545281648636 1.70526850224 -0.113741234 0.7380187 0.25
1635945791.23 -0.2955096066 0.565112948418 1.60218429565 -0.113741234 0.7380187 1.87600016594
1635945808.2 -0.159213200212 0.457358390093 1.6544213295 -0.113741234 0.7380187 2.96899986267
1635945837.12 -0.419463723898 0.461080133915 1.58855569363 -0.113741234 0.7380187 2.0
1635945837.42 -0.422392398119 0.459984272718 1.59010446072 -0.113741234 0.7380187 0.00799989700317
1635945838.42 -0.418486237526 0.471188485622 1.58693945408 -0.113741234 0.7380187 0.0590000152588
1635945838.79 -0.417497187853 0.474296271801 1.587048769 -0.113741234 0.7380187 0.332999944687
1635945838.81 -0.417303919792 0.474084407091 1.58681154251 -0.113741234 0.7380187 0.0090000629425
1635945838.85 -0.417263180017 0.473902016878 1.58620810509 -0.113741234 0.7380187 0.0340001583099
1635945839.26 -0.419673651457 0.460629820824 1.58799624443 -0.113741234 0.7380187 0.217000007629
1635945841.59 -0.398329228163 0.462266772985 1.57063579559 -0.113741234 0.7380187 0.349999904633
1635945846.34 -0.431884407997 0.458321690559 1.44959509373 -0.113741234 0.7380187 4.37199997902
1635945867.93 -0.550057053566 0.489184558392 1.61540293694 -0.113741234 0.7380187 1.51799988747
1635945885.3 -0.432862967253 0.49835062027 1.67336845398 -0.113741234 0.7380187 0.313999891281
1635945889.62 -0.471705853939 0.461104720831 1.46817052364 -0.113741234 0.7380187 3.47799992561
1635945908.01 -0.242979243398 0.487416416407 1.53299033642 -0.113741234 0.7380187 1.50900006294
1635945934.64 -0.436843216419 0.540945231915 1.65926241875 -0.113741234 0.7380187 0.00799989700317
1635945935.02 -0.365704953671 0.537820756435 1.71326184273 -0.113741234 0.7380187 0.342000007629
1635945937.36 -0.334843337536 0.654246330261 1.70796656609 -0.113741234 0.7380187 0.166000127792
1635945939.83 -0.271067380905 0.461541712284 1.45811164379 -0.113741234 0.7380187 1.6289999485
1635945954.3 -0.369446992874 0.468079507351 1.56258141994 -0.113741234 0.7380187 1.68400001526
1635945972.81 -0.269849330187 0.455639332533 1.67140424252 -0.113741234 0.7380187 0.555999994278
1635945998.72 -0.421045899391 0.515641570091 1.70167398453 -0.113741234 0.7380187 0.511000156403
1635946001.03 -0.15539829433 0.457946896553 1.61190092564 -0.113741234 0.7380187 1.50100016594
